 10           -0.00605      -35.27        -6.799E1      -116.00       -7.177E1      -105.20       -0.01394      -36.06         
 19.95        -0.07595      -70.72        -7.884E1      -139.29       -8.477E1      -157.90       -0.03459      -71.78         
 29.9         -0.19608      -106.37       -8.797E1      -12.01        -8.368E1      167.67        -0.09606      -107.19        
 39.85        -0.33622      -142.28       -7.915E1      -28.56        -9.181E1      164.88        -0.19149      -142.34        
 49.8         -0.47738      -178.28       -7.083E1      -179.24       -7.188E1      177.29        -0.31164      -177.25        
 59.75        -0.57285      145.77        -7.293E1      73.39         -7.644E1      58.61         -0.4254       147.83         
 69.7         -0.59424      110.32        -6.845E1      22.79         -6.925E1      29.97         -0.49055      112.99         
 79.65        -0.56549      75.53         -7.446E1      -160.56       -7.561E1      -137.53       -0.51764      78.07          
 89.6         -0.53002      41.11         -7.328E1      -176.88       -7.242E1      173.37        -0.54098      43.05          
 99.55        -0.50625      6.59          -7.335E1      123.25        -7.351E1      132.40        -0.55391      7.75           
 109.5        -0.53833      -28.46        -6.84E1       44.40         -6.717E1      37.61         -0.58314      -27.83         
 119.45       -0.61521      -64.34        -6.663E1      -105.14       -6.563E1      -105.23       -0.61999      -63.70         
 129.4        -0.70237      -100.69       -6.948E1      169.09        -7.07E1       171.19        -0.63265      -99.53         
 139.35       -0.77834      -136.81       -6.912E1      77.58         -6.77E1       75.11         -0.6372       -134.83        
 149.3        -0.82249      -172.30       -7.297E1      -24.71        -7.338E1      -27.71        -0.65125      -169.47        
 159.25       -0.82965      152.88        -7.442E1      -65.66        -7.358E1      -50.01        -0.69996      156.40         
 169.2        -0.81953      118.44        -7.00E1       -131.02       -7.103E1      -128.40       -0.7785       122.45         
 179.15       -0.80532      83.86         -6.819E1      177.59        -7.006E1      160.22        -0.88349      88.25          
 189.1        -0.79342      48.98         -6.608E1      98.39         -6.626E1      101.60        -0.92353      53.65          
 199.05       -0.79778      13.90         -6.408E1      15.64         -6.483E1      18.77         -0.89373      18.25          
 209          -0.82715      -21.27        -6.264E1      -67.25        -6.167E1      -71.27        -0.84915      -17.56         
 218.95       -0.90036      -56.44        -6.039E1      178.24        -6.101E1      176.76        -0.80948      -53.47         
 228.9        -0.96904      -91.81        -6.338E1      85.48         -6.32E1       87.14         -0.81347      -89.19         
 238.85       -1.04343      -127.75       -6.792E1      18.00         -6.537E1      18.37         -0.86525      -124.60        
 248.8        -1.10228      -164.12       -6.463E1      -25.47        -6.327E1      -27.70        -0.91547      -159.60        
 258.75       -1.10939      159.68        -6.135E1      -110.79       -6.063E1      -103.58       -0.9269       165.74         
 268.7        -1.06602      124.27        -6.124E1      169.65        -6.074E1      169.40        -0.90018      131.45         
 278.65       -1.01622      90.01         -6.543E1      93.55         -6.506E1      102.18        -0.86921      97.32          
 288.6        -0.9557       56.44         -6.58E1       55.58         -6.738E1      55.25         -0.87703      63.04          
 298.55       -0.93961      22.79         -6.72E1       -12.64        -6.841E1      -18.93        -0.9323       28.28          
 308.5        -0.99785      -11.93        -8.414E1      -17.29        -7.733E1      -56.70        -1.04231      -7.42          
 318.45       -1.09582      -47.96        -7.309E1      -1.76         -7.064E1      -1.78         -1.1306       -43.96         
 328.4        -1.21193      -84.88        -6.596E1      -90.10        -6.632E1      -107.55       -1.15843      -80.67         
 338.35       -1.30786      -121.78       -6.551E1      -161.86       -6.567E1      -168.89       -1.14468      -117.01        
 348.3        -1.32471      -157.78       -6.659E1      99.54         -6.482E1      100.31        -1.1123       -152.32        
 358.25       -1.29207      167.33        -7.334E1      7.85          -7.26E1       11.19         -1.11294      173.38         
 368.2        -1.24549      132.87        -7.213E1      -145.83       -7.052E1      -154.92       -1.20064      139.55         
 378.15       -1.19227      98.41         -6.147E1      62.73         -6.166E1      63.69         -1.31652      105.70         
 388.1        -1.16166      63.72         -6.123E1      -80.46        -6.146E1      -79.16        -1.39734      71.57          
 398.05       -1.16105      28.64         -6.807E1      140.26        -6.581E1      148.77        -1.40637      36.67          
 408          -1.18415      -6.39         -7.071E1      31.92         -6.963E1      22.71         -1.34264      1.35           
 417.95       -1.25716      -41.20        -6.732E1      -47.03        -6.732E1      -40.28        -1.26036      -33.97         
 427.9        -1.36993      -76.44        -6.637E1      -113.22       -6.634E1      -123.13       -1.24998      -69.40         
 437.85       -1.48104      -112.56       -6.80E1       177.98        -6.577E1      169.27        -1.29426      -104.93        
 447.8        -1.57873      -149.66       -6.554E1      107.62        -6.466E1      107.28        -1.36399      -140.55        
 457.75       -1.60415      172.89        -6.397E1      30.07         -6.418E1      39.04         -1.40109      -176.31        
 467.7        -1.51774      136.49        -6.523E1      -40.53        -6.719E1      -46.09        -1.346        148.35         
 477.65       -1.39302      101.97        -7.363E1      -92.16        -7.078E1      -95.74        -1.22729      113.65         
 487.6        -1.27655      68.91         -7.227E1      -125.69       -6.906E1      -127.06       -1.15007      79.28          
 497.55       -1.22338      36.27         -6.936E1      149.37        -6.879E1      148.96        -1.16782      44.92          
 507.5        -1.27889      2.58          -7.084E1      55.33         -7.192E1      57.72         -1.29541      9.86           
 517.45       -1.4398       -33.23        -7.39E1       -45.19        -7.323E1      -29.20        -1.47209      -26.46         
 527.4        -1.62917      -70.98        -7.706E1      -133.74       -7.32E1       -127.63       -1.577        -63.76         
 537.35       -1.77292      -109.31       -7.584E1      -166.30       -7.799E1      173.60        -1.55459      -101.09        
 547.3        -1.80549      -146.76       -7.502E1      109.66        -7.496E1      88.89         -1.4578       -137.64        
 557.25       -1.74917      177.43        -7.817E1      28.12         -7.46E1       25.12         -1.39488      -172.83        
 567.2        -1.66682      142.65        -7.498E1      -35.71        -7.791E1      -27.65        -1.44174      152.92         
 577.15       -1.59286      107.89        -8.327E1      -89.44        -7.819E1      -112.70       -1.58687      118.88         
 587.1        -1.5372       72.62         -8.94E1       111.24        -9.407E1      -137.12       -1.74134      84.37          
 597.05       -1.51169      37.02         -7.926E1      71.07         -8.062E1      -150.78       -1.80805      49.22          
 607          -1.52459      1.64          -8.699E1      -152.23       -8.047E1      -105.04       -1.75126      13.64          
 616.95       -1.60373      -33.36        -7.754E1      -178.15       -8.005E1      -162.66       -1.65695      -22.10         
 626.9        -1.75913      -68.68        -7.632E1      148.15        -7.808E1      120.75        -1.63084      -58.15         
 636.85       -1.97251      -105.41       -7.865E1      92.16         -8.114E1      108.50        -1.72743      -94.83         
 646.8        -2.17247      -144.20       -7.886E1      3.39          -7.876E1      -19.18        -1.89566      -132.38        
 656.75       -2.22444      176.00        -7.774E1      -108.75       -8.131E1      -99.39        -1.97871      -170.41        
 666.7        -2.10121      137.41        -9.776E1      108.95        -8.509E1      151.44        -1.8829       152.20         
 676.65       -1.89832      101.52        -8.672E1      119.10        -7.994E1      140.18        -1.67494      116.22         
 686.6        -1.74365      68.01         -8.179E1      62.94         -8.115E1      85.19         -1.50335      81.54          
 696.55       -1.76444      35.02         -7.976E1      25.30         -8.124E1      88.39         -1.51723      47.18          
 706.5        -1.99885      0.41          -7.019E1      -3.30         -6.995E1      -6.81         -1.76083      11.63          
 716.45       -2.39668      -37.62        -6.38E1       -85.07        -6.253E1      -93.17        -2.12735      -26.30         
 726.4        -2.89289      -79.09        -6.591E1      -144.26       -6.473E1      -151.28       -2.44737      -66.74         
 736.35       -3.29929      -121.56       -6.654E1      -173.47       -7.08E1       -156.53       -2.60595      -108.37        
 746.3        -3.53567      -162.61       -6.275E1      166.59        -6.293E1      164.44        -2.67087      -149.06        
 756.25       -3.84354      158.57        -5.451E1      136.26        -5.457E1      135.67        -2.91136      171.91         
 766.2        -4.25134      121.26        -5.216E1      72.52         -5.224E1      71.21         -3.49338      133.77         
 776.15       -4.62899      82.81         -4.704E1      9.47          -4.706E1      8.03          -4.38701      94.94          
 786.1        -5.27665      41.40         -4.638E1      -77.24        -4.637E1      -77.84        -5.67257      52.90          
 796.05       -6.09008      -1.63         -4.756E1      -118.87       -4.764E1      -119.27       -7.57618      8.56           
 806          -7.5983       -47.65        -4.331E1      -162.83       -4.323E1      -163.66       -10.32238     -36.59         
 815.95       -10.7168      -99.25        -4.051E1      114.79        -4.047E1      114.43        -15.78529     -83.00         
 825.9        -16.58146     -178.51       -4.19E1       23.26         -4.189E1      22.52         -41.83059     -54.59         
 835.85       -15.68392     62.58         -5.095E1      21.73         -5.095E1      21.13         -17.58191     5.11           
 845.8        -12.06819     -6.13         -4.429E1      -40.61        -4.428E1      -41.34        -13.03242     -32.02         
 855.75       -11.33097     -60.59        -4.646E1      -95.40        -4.651E1      -95.12        -11.01626     -74.94         
 865.7        -11.42521     -121.28       -4.315E1      -163.49       -4.313E1      -163.96       -10.22348     -121.15        
 875.65       -11.39534     179.78        -5.144E1      64.99         -5.144E1      64.16         -9.10913      -165.97        
 885.6        -9.93773      139.69        -4.528E1      -143.52       -4.514E1      -144.05       -7.66707      153.86         
 895.55       -7.8698       108.91        -4.329E1      100.09        -4.323E1      99.57         -6.32925      118.45         
 905.5        -6.44246      78.71         -4.474E1      78.76         -4.464E1      78.64         -5.47806      85.38          
 915.45       -5.84871      48.52         -3.97E1       -4.05         -3.971E1      -4.97         -5.21552      53.95          
 925.4        -5.78387      15.88         -4.19E1       -73.45        -4.187E1      -74.44        -5.23373      19.45          
 935.35       -6.07343      -20.18        -4.246E1      -155.67       -4.228E1      -156.10       -5.50521      -18.35         
 945.3        -6.16674      -59.69        -5.60E1       68.32         -5.588E1      73.07         -5.43617      -58.62         
 955.25       -5.7091       -99.63        -4.948E1      -156.71       -4.947E1      -157.04       -4.9309       -99.98         
 965.2        -5.06109      -139.93       -5.051E1      134.23        -5.05E1       132.19        -4.35248      -139.27        
 975.15       -4.58298      -179.01       -5.10E1       56.82         -5.104E1      56.00         -4.07265      -176.49        
 985.1        -4.40482      141.83        -5.095E1      89.16         -5.116E1      88.37         -4.10561      147.08         
 995.05       -4.3407       102.39        -4.787E1      12.19         -4.79E1       11.97         -4.3435       111.74         
 1005         -4.22107      63.82         -5.356E1      -45.54        -5.368E1      -47.37        -4.37179      75.79          
 1014.95      -4.02733      28.62         -4.831E1      -34.28        -4.823E1      -35.61        -4.19468      40.45          
 1024.9       -3.86364      -4.08         -4.248E1      -94.67        -4.252E1      -94.23        -3.98432      6.20           
 1034.85      -4.05098      -34.46        -4.039E1      -157.18       -4.038E1      -158.46       -4.02748      -26.91         
 1044.8       -4.53266      -64.46        -3.931E1      138.64        -3.932E1      138.18        -4.50799      -60.15         
 1054.75      -5.14033      -98.50        -3.892E1      58.25         -3.876E1      57.53         -5.331        -95.51         
 1064.7       -5.59713      -139.20       -4.321E1      -1.42         -4.307E1      -2.39         -6.09252      -134.33        
 1074.65      -5.35552      175.90        -4.39E1       -64.79        -4.357E1      -67.26        -6.10058      -176.10        
 1084.6       -4.52079      134.15        -4.991E1      -145.25       -4.963E1      -147.52       -5.30027      144.71         
 1094.55      -3.71074      99.20         -5.873E1      -156.07       -5.76E1       -159.99       -4.31972      109.52         
 1104.5       -3.25717      68.60         -5.73E1       158.75        -5.708E1      157.47        -3.76287      78.02          
 1114.45      -3.23245      38.34         -6.138E1      45.92         -6.061E1      46.33         -3.70073      47.78          
 1124.4       -3.63809      6.01          -5.61E1       -102.33       -5.677E1      -106.40       -4.06225      16.22          
 1134.35      -4.31024      -31.06        -5.567E1      -164.46       -5.591E1      -170.14       -4.59543      -18.34         
 1144.3       -4.92619      -70.69        -5.069E1      -172.91       -5.083E1      -171.62       -4.93627      -57.41         
 1154.25      -5.03669      -109.25       -4.474E1      93.47         -4.479E1      92.70         -4.89475      -97.26         
 1164.2       -4.7868       -145.12       -4.417E1      36.39         -4.419E1      36.92         -4.57353      -135.68        
 1174.15      -4.58856      -179.16       -4.28E1       -39.72        -4.285E1      -41.54        -4.47072      -172.52        
 1184.1       -4.53944      146.38        -4.559E1      -107.39       -4.555E1      -107.03       -4.79903      151.25         
 1194.05      -4.53336      108.91        -4.651E1      -147.18       -4.626E1      -147.68       -5.29354      115.05         
 1204         -4.36934      70.23         -4.612E1      154.93        -4.609E1      154.60        -5.44094      77.44          
 1213.95      -3.96522      33.28         -4.611E1      94.99         -4.598E1      94.64         -5.18982      41.25          
 1223.9       -3.61003      0.21          -4.609E1      21.06         -4.607E1      21.19         -4.60968      8.30           
 1233.85      -3.58319      -29.49        -4.903E1      -65.49        -4.906E1      -65.04        -4.33357      -22.48         
 1243.8       -3.96772      -58.70        -4.837E1      -148.86       -4.856E1      -149.84       -4.50946      -51.99         
 1253.75      -4.82694      -91.58        -4.956E1      112.68        -4.983E1      111.25        -5.30422      -83.56         
 1263.7       -5.92746      -132.90       -5.008E1      73.85         -5.041E1      71.85         -6.38134      -121.56        
 1273.65      -6.4235       179.88        -4.621E1      3.16          -4.637E1      1.78          -7.1108       -166.47        
 1283.6       -5.67917      137.24        -4.421E1      -55.90        -4.432E1      -56.71        -6.52642      148.62         
 1293.55      -4.51535      104.00        -4.269E1      -123.38       -4.269E1      -123.95       -5.34978      110.35         
 1303.5       -3.70491      75.65         -4.478E1      159.01        -4.483E1      158.48        -4.55853      78.63          
 1313.45      -3.50519      48.89         -4.735E1      139.85        -4.745E1      138.70        -4.39874      49.12          
 1323.4       -3.73084      19.35         -4.548E1      98.44         -4.563E1      97.25         -4.91424      18.66          
 1333.35      -4.44723      -16.89        -4.214E1      33.59         -4.198E1      33.58         -5.77155      -14.64         
 1343.3       -5.1765       -59.02        -4.394E1      -38.49        -4.385E1      -39.06        -6.4052       -52.60         
 1353.25      -5.43094      -102.10       -4.816E1      -109.15       -4.799E1      -108.97       -6.25395      -91.58         
 1363.2       -5.34454      -139.35       -6.649E1      -80.43        -6.713E1      -87.19        -5.70568      -128.03        
 1373.15      -5.21203      -171.24       -4.781E1      -72.23        -4.764E1      -73.07        -5.38629      -162.01        
 1383.1       -5.36845      157.11        -4.19E1       -151.03       -4.184E1      -151.99       -5.6537       165.06         
 1393.05      -5.65192      121.66        -4.384E1      130.26        -4.393E1      129.16        -6.34207      129.37         
 1403         -5.75856      81.07         -4.64E1       97.30         -4.639E1      96.74         -6.84223      88.68          
 1412.95      -5.3498       40.65         -4.504E1      42.66         -4.506E1      42.14         -6.61883      47.59          
 1422.9       -4.71706      6.79          -4.581E1      16.28         -4.587E1      14.64         -5.5559       11.88          
 1432.85      -4.29793      -20.76        -4.361E1      -30.06        -4.351E1      -30.22        -4.70549      -18.59         
 1442.8       -4.36883      -46.09        -4.271E1      -88.94        -4.273E1      -88.89        -4.54043      -46.41         
 1452.75      -5.16544      -73.55        -4.514E1      -143.52       -4.522E1      -144.10       -5.33663      -74.76         
 1462.7       -6.7419       -109.26       -4.429E1      178.84        -4.429E1      178.37        -7.04454      -108.45        
 1472.65      -7.98238      -159.81       -4.527E1      122.50        -4.532E1      121.56        -9.10239      -152.36        
 1482.6       -7.06005      146.12        -4.834E1      66.32         -4.828E1      65.10         -9.27806      156.32         
 1492.55      -5.27162      107.74        -5.457E1      79.73         -5.454E1      78.76         -7.61237      115.42         
 1502.5       -4.17268      80.75         -4.833E1      47.23         -4.841E1      47.30         -6.20176      85.16          
 1512.45      -3.78787      58.11         -4.499E1      -12.71        -4.499E1      -13.09        -5.74069      60.10          
 1522.4       -4.15273      33.93         -4.539E1      -61.87        -4.539E1      -62.59        -5.98977      35.18          
 1532.35      -5.39995      3.26          -4.615E1      -115.75       -4.603E1      -116.01       -7.07875      6.01           
 1542.3       -7.15021      -36.83        -4.644E1      -163.53       -4.638E1      -163.72       -8.36667      -30.58         
 1552.25      -7.78469      -84.39        -4.808E1      137.16        -4.811E1      136.04        -8.59155      -73.74         
 1562.2       -7.11719      -125.33       -4.702E1      109.84        -4.707E1      109.57        -7.48223      -114.26        
 1572.15      -6.3477       -155.84       -4.561E1      26.70         -4.553E1      26.35         -6.53755      -148.42        
 1582.1       -6.19564      177.03        -5.068E1      -62.45        -5.07E1       -62.80        -6.45405      -179.46        
 1592.05      -6.82796      146.36        -5.208E1      -166.54       -5.204E1      -167.25       -7.5205       148.31         
 1602         -7.91261      105.27        -4.71E1       80.15         -4.717E1      78.97         -9.0786       107.24         
 1611.95      -7.90314      55.83         -4.463E1      8.43          -4.47E1       7.31          -9.5333       55.51          
 1621.9       -6.37374      15.16         -4.456E1      -53.58        -4.453E1      -54.63        -7.96731      11.99          
 1631.85      -4.92296      -12.59        -4.547E1      -99.30        -4.563E1      -99.96        -6.25104      -18.14         
 1641.8       -4.16376      -33.25        -4.413E1      -140.90       -4.401E1      -141.75       -5.41153      -41.19         
 1651.75      -4.37318      -53.29        -4.179E1      179.90        -4.166E1      179.52        -5.7087       -61.70         
 1661.7       -6.1088       -76.92        -3.923E1      126.97        -3.917E1      126.65        -7.3219       -84.46         
 1671.65      -10.24533     -115.33       -3.681E1      75.68         -3.673E1      75.28         -10.84995     -116.82        
 1681.6       -13.39025     164.10        -3.695E1      13.28         -3.694E1      12.76         -14.61259     -178.40        
 1691.55      -8.83128      108.47        -3.674E1      -40.63        -3.673E1      -41.53        -11.6122      117.72         
 1701.5       -5.87422      86.38         -3.712E1      -100.29       -3.702E1      -100.54       -8.18611      86.13          
 1711.45      -4.28841      72.87         -4.057E1      -162.28       -4.044E1      -163.42       -6.60787      64.60          
 1721.4       -3.62704      58.73         -4.578E1      171.00        -4.569E1      172.05        -6.53184      44.41          
 1731.35      -4.24818      39.17         -4.349E1      151.27        -4.329E1      150.68        -7.98624      22.35          
 1741.3       -6.75117      7.72          -4.305E1      100.55        -4.312E1      99.48         -11.01787     -7.03          
 1751.25      -10.69831     -48.60        -4.404E1      72.87         -4.421E1      71.94         -13.78121     -58.11         
 1761.2       -9.66371      -114.21       -4.027E1      30.02         -4.022E1      29.32         -12.0318      -114.89        
 1771.15      -6.8193       -145.64       -3.99E1       -33.32        -3.982E1      -33.30        -9.29924      -147.09        
 1781.1       -5.07609      -163.47       -4.373E1      -83.70        -4.372E1      -83.65        -7.85887      -168.51        
 1791.05      -4.6495       179.36        -4.419E1      -100.43       -4.408E1      -101.06       -8.15033      170.69         
 1801         -6.03628      156.68        -4.162E1      -133.62       -4.158E1      -134.25       -10.95032     146.33         
 1810.95      -10.49001     115.49        -3.981E1      177.44        -3.985E1      177.07        -17.13064     99.92          
 1820.9       -12.30735     31.40         -3.867E1      132.93        -3.87E1       132.01        -15.11399     3.95           
 1830.85      -7.39267      -13.46        -3.786E1      71.90         -3.786E1      71.71         -8.96695      -29.73         
 1840.8       -4.31337      -30.30        -3.98E1       32.20         -3.975E1      32.13         -6.1453       -48.33         
 1850.75      -2.48853      -41.15        -3.707E1      -9.09         -3.706E1      -10.51        -5.27255      -60.97         
 1860.7       -1.63265      -53.11        -3.591E1      -72.42        -3.588E1      -73.34        -5.87643      -71.83         
 1870.65      -2.67791      -69.55        -3.672E1      -141.59       -3.655E1      -141.72       -8.50326      -80.47         
 1880.6       -7.68389      -83.99        -4.313E1      164.95        -4.298E1      165.28        -14.86777     -83.19         
 1890.55      -30.7678      45.92         -4.186E1      151.90        -4.161E1      152.25        -23.57967     27.60          
 1900.5       -5.20506      75.16         -4.274E1      90.51         -4.24E1       92.33         -11.74438     53.74          
 1910.45      2.37012       72.24         -4.622E1      75.98         -4.66E1       80.73         -7.8754       49.60          
 1920.4       8.91548       61.42         -3.957E1      44.05         -4.067E1      44.40         -6.35963      43.51          
 1930.35      13.65447      16.00         -3.91E1       -17.39        -4.026E1      -23.62        -6.59707      36.47          
 1940.3       8.4686        -24.49        -5.432E1      -128.01       -5.194E1      -141.02       -8.52061      30.74          
 1950.25      1.87236       -29.70        -4.301E1      -53.37        -4.36E1       -54.31        -13.15441     28.09          
 1960.2       -7.04931      -31.13        -4.556E1      -105.12       -4.539E1      -106.10       -24.89783     72.62          
 1970.15      -14.76376     165.39        -4.715E1      -111.38       -4.688E1      -113.34       -15.31839     162.89         
 1980.1       -2.17493      144.07        -4.13E1       -144.03       -4.109E1      -145.52       -9.46727      163.06         
 1990.05      1.47787       116.55        -3.764E1      155.79        -3.782E1      154.80        -7.28142      155.22         
 2000         0.33605       90.59         -3.787E1      90.88         -3.792E1      89.64         -7.51606      147.10         
