 10           0.00624       -35.06        -6.972E1      -119.27       -7.354E1      -99.96        -0.03479      -36.77         
 19.95        -0.06682      -70.69        -7.318E1      30.12         -7.151E1      36.74         -0.06092      -72.98         
 29.9         -0.19008      -106.57       -6.10E1       -1.83         -6.137E1      -5.44         -0.13442      -108.83        
 39.85        -0.36138      -143.12       -4.33E1       -62.07        -4.341E1      -64.16        -0.25162      -144.59        
 49.8         -0.47876      -178.69       -5.685E1      101.86        -5.656E1      98.86         -0.417        -179.28        
 59.75        -0.64906      145.06        -4.06E1       74.62         -4.07E1       73.50         -0.5028       145.90         
 69.7         -0.72258      109.29        -3.692E1      -30.41        -3.695E1      -31.55        -0.63542      110.41         
 79.65        -0.60692      74.77         -4.751E1      -147.10       -4.747E1      -148.19       -0.61405      75.69          
 89.6         -0.66796      40.08         -4.395E1      179.41        -4.384E1      178.28        -0.71904      40.25          
 99.55        -0.68767      5.79          -3.815E1      119.87        -3.812E1      118.39        -0.68251      4.89           
 109.5        -0.76707      -29.98        -3.564E1      11.25         -3.553E1      10.28         -0.8179       -31.90         
 119.45       -0.82985      -64.52        -3.691E1      -124.19       -3.686E1      -125.13       -0.81748      -67.21         
 129.4        -0.88981      -101.92       -4.238E1      154.53        -4.236E1      153.52        -0.84909      -103.60        
 139.35       -1.03449      -137.98       -4.187E1      64.84         -4.172E1      63.66         -0.89887      -138.65        
 149.3        -0.96768      -173.58       -4.607E1      -41.58        -4.597E1      -42.27        -0.87156      -172.86        
 159.25       -0.92833      150.61        -5.54E1       -73.05        -5.505E1      -72.39        -0.90968      152.54         
 169.2        -0.93824      114.99        -4.996E1      -101.97       -4.98E1       -102.53       -1.04972      117.77         
 179.15       -0.98453      79.22         -4.59E1       -140.08       -4.602E1      -140.79       -1.31921      81.83          
 189.1        -1.09421      42.51         -3.637E1      157.45        -3.629E1      156.10        -1.79474      45.59          
 199.05       -1.71776      4.42          -2.989E1      26.97         -2.982E1      25.63         -2.59096      13.80          
 209          -2.58556      -28.41        -2.837E1      -105.84       -2.83E1       -107.36       -1.85625      -20.00         
 218.95       -2.2922       -54.17        -3.322E1      114.34        -3.32E1       112.64        -1.46728      -56.82         
 228.9        -1.83295      -90.74        -3.485E1      34.71         -3.476E1      33.40         -1.22364      -94.82         
 238.85       -1.65667      -128.17       -3.447E1      -38.25        -3.438E1      -39.32        -1.35106      -132.17        
 248.8        -1.92384      -166.91       -3.371E1      -107.12       -3.365E1      -108.27       -1.37618      -168.97        
 258.75       -1.91532      156.53        -3.671E1      -162.47       -3.662E1      -163.49       -1.60748      154.24         
 268.7        -2.18078      119.12        -3.245E1      150.66        -3.238E1      149.31        -2.22915      119.44         
 278.65       -2.538        87.60         -3.182E1      65.29         -3.177E1      64.00         -2.36564      87.28          
 288.6        -2.15904      54.72         -3.712E1      -9.05         -3.71E1       -10.78        -2.87633      53.86          
 298.55       -2.09855      18.31         -3.635E1      5.66          -3.63E1       4.32          -3.1621       21.81          
 308.5        -3.13448      -17.67        -3.33E1       -91.32        -3.319E1      -92.80        -3.3275       -10.88         
 318.45       -3.36019      -46.60        -4.128E1      95.23         -4.12E1       93.71         -3.03703      -47.01         
 328.4        -2.79062      -82.57        -3.443E1      -90.71        -3.439E1      -92.21        -2.83394      -85.79         
 338.35       -2.42911      -124.05       -3.065E1      -170.02       -3.059E1      -171.58       -3.01731      -123.75        
 348.3        -2.90944      -166.72       -3.233E1      118.42        -3.224E1      117.11        -3.00069      -156.90        
 358.25       -4.49072      158.33        -2.677E1      109.74        -2.67E1       108.39        -2.7912       168.25         
 368.2        -4.93079      132.62        -2.351E1      14.78         -2.344E1      13.35         -2.93929      134.41         
 378.15       -4.08414      105.05        -2.442E1      -72.51        -2.434E1      -73.92        -3.05724      100.54         
 388.1        -3.37627      66.64         -2.826E1      -141.28       -2.821E1      -142.66       -3.14258      63.89          
 398.05       -3.69304      28.39         -3.266E1      154.00        -3.255E1      152.55        -3.63691      27.47          
 408          -3.97549      -2.69         -3.757E1      124.75        -3.751E1      123.02        -3.76668      -8.27          
 417.95       -3.43475      -37.24        -4.666E1      40.34         -4.668E1      39.21         -3.96508      -47.52         
 427.9        -3.71597      -79.94        -3.707E1      -176.90       -3.699E1      -178.31       -5.04851      -86.36         
 437.85       -5.36148      -123.18       -3.342E1      113.14        -3.331E1      111.65        -6.69707      -119.36        
 447.8        -8.42781      -152.62       -2.752E1      33.63         -2.747E1      32.20         -6.98076      -145.29        
 457.75       -8.32075      -169.97       -2.661E1      -18.10        -2.656E1      -19.47        -6.39043      -177.64        
 467.7        -6.22508      158.42        -2.551E1      -88.24        -2.546E1      -89.71        -5.68191      147.30         
 477.65       -4.80526      118.75        -2.614E1      -151.92       -2.607E1      -153.30       -5.4137       112.20         
 487.6        -4.53029      79.91         -2.715E1      141.85        -2.71E1       140.51        -5.64268      80.39          
 497.55       -5.05019      46.99         -2.945E1      87.72         -2.937E1      86.29         -5.67047      50.52          
 507.5        -5.56058      12.45         -3.498E1      8.73          -3.491E1      7.38          -5.97164      16.36          
 517.45       -7.05664      -17.48        -3.992E1      106.80        -3.98E1       105.34        -6.77648      -17.48         
 527.4        -7.44165      -47.54        -3.061E1      27.64         -3.053E1      26.11         -7.39543      -50.79         
 537.35       -7.8329       -84.40        -2.74E1       -23.44        -2.735E1      -24.79        -7.39947      -87.49         
 547.3        -8.09411      -116.58       -2.557E1      -79.91        -2.551E1      -81.37        -7.5728       -121.06        
 557.25       -7.44745      -151.78       -2.333E1      -148.06       -2.325E1      -149.50       -7.03024      -150.79        
 567.2        -8.09314      177.36        -2.315E1      138.71        -2.307E1      137.30        -6.3452       178.92         
 577.15       -7.58494      155.61        -2.623E1      76.39         -2.615E1      74.91         -5.83258      146.53         
 587.1        -5.47254      122.22        -2.761E1      30.72         -2.755E1      29.28         -5.68848      113.54         
 597.05       -4.73508      82.82         -2.839E1      -26.36        -2.832E1      -27.97        -5.8114       80.40          
 607          -4.40478      45.76         -3.087E1      -76.93        -3.08E1       -78.31        -5.43457      50.00          
 616.95       -4.33414      9.89          -3.293E1      -108.46       -3.288E1      -109.79       -4.83794      16.69          
 626.9        -4.68671      -24.21        -3.206E1      -161.11       -3.199E1      -162.60       -4.47262      -17.39         
 636.85       -5.08175      -55.36        -3.383E1      154.10        -3.377E1      152.79        -4.42035      -51.86         
 646.8        -5.44264      -86.56        -3.535E1      108.10        -3.529E1      106.60        -4.41855      -85.49         
 656.75       -5.01831      -120.07       -3.478E1      80.81         -3.472E1      79.15         -4.28609      -123.35        
 666.7        -4.38333      -160.11       -3.496E1      13.22         -3.49E1       11.74         -4.12158      -161.72        
 676.65       -3.74758      159.97        -3.81E1       -43.57        -3.804E1      -45.12        -3.76902      160.76         
 686.6        -3.25407      122.43        -4.28E1       -60.88        -4.278E1      -62.27        -3.20832      125.84         
 696.55       -2.99324      88.65         -4.057E1      -60.44        -4.051E1      -62.24        -2.83982      91.84          
 706.5        -2.91466      57.53         -3.568E1      -125.34       -3.561E1      -126.79       -2.77474      59.75          
 716.45       -2.82798      26.27         -3.556E1      161.11        -3.549E1      159.73        -2.86731      27.31          
 726.4        -2.90623      -8.62         -3.913E1      114.59        -3.907E1      113.08        -2.98657      -7.38          
 736.35       -3.06903      -45.84        -4.179E1      76.69         -4.155E1      74.61         -3.12998      -44.71         
 746.3        -3.19308      -84.61        -4.126E1      40.11         -4.117E1      39.10         -3.04256      -82.46         
 756.25       -3.17072      -122.29       -4.124E1      2.62          -4.115E1      0.93          -2.70104      -120.54        
 766.2        -3.09294      -158.23       -4.005E1      -52.13        -3.991E1      -53.53        -2.49674      -157.61        
 776.15       -3.00142      167.04        -4.079E1      -90.19        -4.071E1      -91.54        -2.4365       166.28         
 786.1        -2.89378      132.39        -4.025E1      -152.52       -4.022E1      -153.92       -2.58413      130.67         
 796.05       -2.75279      97.47         -4.27E1       144.66        -4.269E1      142.76        -2.69906      95.18          
 806          -2.46271      61.94         -4.718E1      92.37         -4.721E1      90.79         -2.74188      59.84          
 815.95       -2.19084      26.66         -5.145E1      81.59         -5.15E1       80.32         -2.59645      25.72          
 825.9        -2.10707      -7.23         -5.453E1      57.97         -5.434E1      57.34         -2.45319      -7.51          
 835.85       -2.19751      -40.38        -5.092E1      42.15         -5.105E1      40.02         -2.41162      -40.49         
 845.8        -2.45188      -74.80        -4.687E1      -17.55        -4.681E1      -19.26        -2.53486      -74.45         
 855.75       -2.80961      -112.05       -4.907E1      -87.08        -4.905E1      -87.51        -2.82073      -110.64        
 865.7        -3.0624       -152.49       -5.259E1      -145.43       -5.242E1      -145.02       -2.97448      -148.75        
 875.65       -3.04549      167.22        -6.412E1      104.83        -6.409E1      100.37        -2.82876      172.52         
 885.6        -2.74908      130.68        -5.299E1      -110.98       -5.263E1      -113.73       -2.46484      135.61         
 895.55       -2.3451       98.31         -5.364E1      165.69        -5.327E1      164.13        -2.09919      101.36         
 905.5        -2.0622       68.23         -5.256E1      134.83        -5.244E1      133.49        -1.92469      68.90          
 915.45       -1.97001      37.86         -5.339E1      86.30         -5.381E1      87.73         -2.02486      36.60          
 925.4        -2.0688       5.12          -5.491E1      35.08         -5.517E1      34.04         -2.25567      3.18           
 935.35       -2.32233      -31.33        -5.452E1      30.93         -5.509E1      30.18         -2.43819      -32.62         
 945.3        -2.61141      -70.14        -5.153E1      -9.33         -5.171E1      -9.26         -2.428        -69.86         
 955.25       -2.74724      -108.76       -5.17E1       -74.68        -5.13E1       -76.84        -2.18491      -107.11        
 965.2        -2.76442      -145.36       -5.647E1      -102.92       -5.629E1      -105.31       -1.95065      -143.28        
 975.15       -2.73565      179.61        -5.279E1      -114.99       -5.263E1      -117.08       -1.92339      -178.47        
 985.1        -2.69923      144.53        -5.082E1      -169.60       -5.076E1      -169.78       -2.1351       146.83         
 995.05       -2.61113      108.20        -5.012E1      151.72        -4.997E1      150.04        -2.42462      111.55         
 1005         -2.45908      71.33         -4.955E1      111.83        -4.949E1      109.13        -2.58598      75.87          
 1014.95      -2.25512      35.97         -4.803E1      61.26         -4.773E1      57.52         -2.48371      40.59          
 1024.9       -2.06792      3.17          -4.879E1      13.50         -4.837E1      11.24         -2.25753      6.50           
 1034.85      -2.04589      -28.06        -4.922E1      -20.80        -4.914E1      -23.09        -2.12316      -26.56         
 1044.8       -2.27348      -59.72        -4.765E1      -55.41        -4.734E1      -58.01        -2.25015      -59.95         
 1054.75      -2.74138      -94.90        -4.556E1      -99.21        -4.553E1      -101.21       -2.68903      -95.33         
 1064.7       -3.26769      -135.21       -4.48E1       -151.15       -4.446E1      -153.22       -3.17666      -133.53        
 1074.65      -3.44433      -178.38       -4.49E1       156.07        -4.455E1      154.61        -3.3105       -173.59        
 1084.6       -3.11005      141.27        -4.549E1      110.22        -4.519E1      106.95        -2.96774      147.51         
 1094.55      -2.59841      106.96        -4.597E1      60.74         -4.607E1      58.35         -2.46853      112.18         
 1104.5       -2.18907      77.00         -4.812E1      22.67         -4.817E1      20.39         -2.14942      80.00          
 1114.45      -2.00094      47.86         -4.841E1      -5.48         -4.839E1      -6.44         -2.17111      48.95          
 1124.4       -2.08889      16.45         -4.684E1      -41.05        -4.682E1      -42.05        -2.45834      17.00          
 1134.35      -2.43236      -19.02        -4.591E1      -81.25        -4.623E1      -83.09        -2.80276      -17.72         
 1144.3       -2.84567      -57.91        -4.497E1      -121.78       -4.493E1      -123.46       -2.93057      -55.52         
 1154.25      -3.08538      -96.57        -4.362E1      -173.39       -4.368E1      -175.87       -2.68026      -94.23         
 1164.2       -3.10432      -132.53       -4.393E1      136.69        -4.387E1      135.05        -2.29038      -131.75        
 1174.15      -3.08643      -166.26       -4.455E1      95.97         -4.468E1      95.86         -2.13044      -167.86        
 1184.1       -3.12469      160.02        -4.456E1      53.00         -4.45E1       51.60         -2.34999      156.71         
 1194.05      -3.17818      123.94        -4.471E1      21.55         -4.455E1      21.12         -2.78814      120.86         
 1204         -3.13377      85.36         -4.16E1       -20.65        -4.155E1      -22.72        -3.07317      83.97          
 1213.95      -2.92153      47.65         -4.15E1       -75.70        -4.152E1      -77.33        -2.98737      47.56          
 1223.9       -2.66095      13.56         -4.17E1       -116.39       -4.17E1       -118.09       -2.64143      13.32          
 1233.85      -2.56025      -16.84        -4.021E1      -157.84       -4.017E1      -159.20       -2.38302      -18.35         
 1243.8       -2.71177      -46.30        -4.00E1       149.69        -3.986E1      147.91        -2.43047      -49.28         
 1253.75      -3.25204      -78.88        -3.968E1      107.21        -3.968E1      105.66        -2.97137      -81.87         
 1263.7       -4.17956      -118.46       -3.873E1      59.55         -3.873E1      57.16         -3.84037      -118.72        
 1273.65      -4.87622      -164.64       -3.914E1      7.07          -3.911E1      5.32          -4.49799      -160.36        
 1283.6       -4.66081      150.73        -4.088E1      -29.19        -4.093E1      -30.74        -4.33058      157.08         
 1293.55      -3.90546      114.38        -3.96E1       -65.15        -3.951E1      -67.04        -3.67771      119.32         
 1303.5       -3.32781      84.70         -3.848E1      -104.97       -3.84E1       -106.27       -3.23058      86.90          
 1313.45      -3.19769      58.00         -3.588E1      -149.58       -3.583E1      -151.17       -3.25757      57.80          
 1323.4       -3.50092      29.75         -3.438E1      155.41        -3.437E1      153.78        -3.7955       28.42          
 1333.35      -4.25386      -3.76         -3.481E1      103.81        -3.473E1      101.90        -4.70366      -3.88          
 1343.3       -5.25742      -43.57        -3.305E1      53.58         -3.30E1       51.70         -5.5099       -40.49         
 1353.25      -5.94741      -86.15        -3.38E1       -5.75         -3.372E1      -7.67         -5.60549      -79.90         
 1363.2       -6.20361      -124.59       -3.548E1      -49.06        -3.543E1      -50.82        -5.15951      -118.41        
 1373.15      -6.44659      -157.73       -3.298E1      -76.81        -3.29E1       -78.60        -4.97711      -153.66        
 1383.1       -7.10945      173.48        -3.068E1      -136.18       -3.062E1      -138.09       -5.25042      172.27         
 1393.05      -7.91083      143.29        -2.92E1       161.34        -2.915E1      159.49        -6.39585      136.80         
 1403         -8.34943      107.54        -2.975E1      93.97         -2.97E1       92.26         -7.60155      99.16          
 1412.95      -8.22179      67.98         -3.315E1      39.16         -3.311E1      37.35         -7.83494      59.91          
 1422.9       -7.25388      35.27         -3.328E1      3.58          -3.322E1      1.72          -7.34179      25.36          
 1432.85      -6.07224      8.45          -3.194E1      -50.46        -3.187E1      -52.13        -6.38084      -0.14          
 1442.8       -5.40847      -13.32        -3.316E1      -104.79       -3.31E1       -106.36       -5.88298      -22.94         
 1452.75      -5.09715      -33.08        -3.436E1      -154.30       -3.431E1      -155.97       -5.82774      -41.67         
 1462.7       -5.30954      -58.96        -3.441E1      168.80        -3.436E1      167.11        -5.97716      -64.78         
 1472.65      -6.60715      -94.96        -3.363E1      111.03        -3.36E1       109.17        -6.95538      -97.35         
 1482.6       -7.81773      -145.06       -3.457E1      57.89         -3.451E1      55.99         -8.04218      -140.86        
 1492.55      -6.95325      162.29        -3.593E1      5.49          -3.587E1      3.82          -7.35125      170.39         
 1502.5       -5.02289      124.42        -3.625E1      -41.66        -3.619E1      -43.98        -5.51853      128.86         
 1512.45      -3.66543      97.03         -3.826E1      -93.86        -3.823E1      -95.78        -4.20389      96.42          
 1522.4       -2.90676      73.51         -3.872E1      -132.84       -3.868E1      -134.39       -3.78489      68.06          
 1532.35      -2.71315      47.32         -3.757E1      177.30        -3.753E1      175.83        -4.10351      40.05          
 1542.3       -3.12951      13.81         -3.825E1      114.43        -3.817E1      112.96        -4.83417      8.73           
 1552.25      -3.89495      -28.47        -4.08E1       56.59         -4.079E1      54.72         -5.33911      -28.15         
 1562.2       -4.12522      -72.99        -4.49E1       8.72          -4.486E1      7.02          -4.91749      -67.01         
 1572.15      -3.70108      -111.06       -4.72E1       -14.18        -4.717E1      -15.59        -3.83661      -103.09        
 1582.1       -3.23291      -142.05       -4.489E1      -36.84        -4.491E1      -37.77        -2.92464      -136.08        
 1592.05      -3.1041       -171.30       -4.254E1      -94.99        -4.253E1      -96.46        -2.72719      -168.69        
 1602         -3.44077      154.06        -4.305E1      -159.26       -4.307E1      -160.20       -3.3821       155.30         
 1611.95      -4.00505      109.72        -4.455E1      146.63        -4.451E1      144.67        -4.27938      112.86         
 1621.9       -3.8695       62.00         -4.651E1      86.78         -4.661E1      84.28         -4.14845      66.21          
 1631.85      -2.9619       24.01         -5.03E1       31.18         -5.015E1      30.56         -2.87713      25.37          
 1641.8       -2.0257       -2.42         -5.641E1      -7.04         -5.617E1      -11.03        -1.60546      -6.89          
 1651.75      -1.38334      -23.06        -6.03E1       -5.38         -6.005E1      -12.18        -1.00512      -34.31         
 1661.7       -1.20755      -44.33        -5.761E1      -18.23        -5.757E1      -25.22        -1.28375      -61.23         
 1671.65      -1.89597      -73.07        -5.266E1      -53.34        -5.295E1      -59.16        -2.52965      -91.89         
 1681.6       -3.89692      -116.84       -5.139E1      -106.25       -5.13E1       -108.58       -4.38746      -131.72        
 1691.55      -5.37895      -176.11       -5.06E1       -163.67       -5.007E1      -166.92       -5.23215      177.59         
 1701.5       -4.08423      136.18        -5.145E1      141.91        -5.16E1       142.98        -4.10206      130.97         
 1711.45      -2.34271      109.00        -5.303E1      103.07        -5.287E1      103.39        -2.80116      96.53          
 1721.4       -1.03992      90.38         -5.265E1      57.16         -5.33E1       54.20         -2.35093      69.49          
 1731.35      -0.19563      71.00         -5.38E1       8.79          -5.407E1      3.27          -2.79858      44.74          
 1741.3       -0.10355      43.23         -5.472E1      -45.48        -5.41E1       -45.92        -3.97396      17.85          
 1751.25      -1.44525      1.21          -5.535E1      -88.80        -5.557E1      -86.59        -5.3295       -15.94         
 1761.2       -3.30582      -51.87        -5.688E1      -128.28       -5.689E1      -128.75       -5.59717      -57.21         
 1771.15      -3.15985      -97.90        -5.705E1      -166.96       -5.696E1      -169.62       -4.23526      -96.43         
 1781.1       -1.85016      -126.93       -5.836E1      153.96        -5.798E1      150.62        -2.57591      -128.28        
 1791.05      -0.54316      -147.88       -5.971E1      111.46        -5.975E1      112.77        -1.64138      -156.43        
 1801         0.33495       -171.57       -5.764E1      95.09         -5.727E1      95.06         -1.82213      174.49         
 1810.95      -0.14721      151.58        -5.355E1      49.26         -5.352E1      48.62         -3.19051      139.47         
 1820.9       -2.7893       97.96         -5.276E1      -20.60        -5.259E1      -23.17        -4.72716      91.46          
 1830.85      -3.98807      41.31         -5.498E1      -77.12        -5.455E1      -79.79        -3.81154      37.63          
 1840.8       -2.44164      6.81          -5.623E1      -121.43       -5.597E1      -123.12       -1.42941      -1.66          
 1850.75      -0.37156      -10.90        -5.747E1      -168.39       -5.705E1      -162.96       0.2752        -29.38         
 1860.7       1.79907       -24.92        -5.752E1      158.37        -5.695E1      166.70        0.86791       -52.60         
 1870.65      3.74545       -46.36        -5.407E1      124.52        -5.716E1      134.62        0.22621       -75.59         
 1880.6       3.33113       -83.96        -5.155E1      64.28         -5.26E1       63.82         -1.89124      -102.68        
 1890.55      -1.40596      -128.59       -5.42E1       15.01         -5.51E1       13.61         -5.56668      -143.72        
 1900.5       -4.59457      166.97        -5.45E1       -19.24        -5.619E1      -8.38         -7.19939      149.85         
 1910.45      0.73411       126.38        -5.72E1       -51.55        -5.614E1      -72.37        -4.404        99.72          
 1920.4       7.45789       120.92        -5.571E1      -62.12        -5.217E1      -81.08        -2.38976      71.83          
 1930.35      17.44554      138.85        -4.699E1      -78.37        -4.514E1      -71.76        -1.85132      51.97          
 1940.3       17.61896      -86.62        -4.75E1       37.86         -4.791E1      44.11         -2.55         34.26          
 1950.25      8.15238       -66.28        -5.425E1      51.15         -5.454E1      67.31         -4.43839      14.13          
 1960.2       2.17847       -65.82        -5.57E1       48.00         -5.691E1      51.79         -7.45371      -17.00         
 1970.15      -2.20393      -88.50        -5.668E1      30.41         -5.796E1      28.52         -8.98258      -72.57         
 1980.1       -0.75032      -134.94       -5.704E1      10.27         -5.68E1       9.98          -5.63951      -122.62        
 1990.05      5.13335       -179.64       -5.285E1      -19.58        -5.265E1      -20.55        -2.15127      -152.38        
 2000         6.70833       121.60        -5.151E1      -99.50        -5.153E1      -100.38       -0.10108      -176.54        
