 10           -0.04022      -35.41        -6.802E1      -114.04       -7.259E1      -101.22       -0.01373      -36.18         
 19.95        -0.18537      -70.95        -7.899E1      -142.87       -8.383E1      -145.54       -0.05831      -72.17         
 29.9         -0.39958      -106.74       -8.45E1       -13.10        -8.199E1      165.32        -0.13967      -107.85        
 39.85        -0.61145      -142.74       -7.517E1      -1.45         -8.124E1      41.38         -0.23464      -143.17        
 49.8         -0.77669      -178.76       -6.968E1      177.57        -7.031E1      171.63        -0.33294      -178.07        
 59.75        -0.8373       145.41        -7.222E1      89.42         -7.583E1      84.24         -0.42178      147.09         
 69.7         -0.78866      110.01        -7.118E1      -21.98        -7.30E1       -18.22        -0.48153      112.19         
 79.65        -0.68246      75.09         -8.40E1       -91.80        -8.159E1      -76.06        -0.52814      77.03          
 89.6         -0.58873      40.41         -7.459E1      -139.35       -7.418E1      -165.25       -0.58391      41.58          
 99.55        -0.53968      5.65          -7.253E1      108.45        -7.29E1       110.59        -0.61677      5.87           
 109.5        -0.5891       -29.40        -7.035E1      17.93         -6.751E1      18.31         -0.64144      -29.86         
 119.45       -0.7213       -65.00        -6.852E1      -94.50        -6.706E1      -89.95        -0.64699      -65.64         
 129.4        -0.88095      -101.01       -7.017E1      160.57        -7.108E1      160.74        -0.63105      -101.25        
 139.35       -1.03261      -137.09       -7.637E1      86.64         -7.331E1      79.23         -0.62591      -136.60        
 149.3        -1.13002      -172.93       -8.249E1      9.85          -8.066E1      26.84         -0.66074      -171.66        
 159.25       -1.13468      151.78        -8.485E1      -91.76        -8.099E1      -20.45        -0.73555      153.64         
 169.2        -1.06556      117.05        -7.715E1      -125.29       -8.086E1      -118.38       -0.82766      119.24         
 179.15       -0.9575       82.60         -8.62E1       101.00        -7.894E1      65.05         -0.90334      84.93          
 189.1        -0.8537       48.17         -7.413E1      -159.95       -7.25E1       -163.49       -0.90903      50.36          
 199.05       -0.81458      13.42         -7.368E1      63.25         -7.395E1      85.08         -0.87518      15.13          
 209          -0.87229      -21.67        -6.601E1      -8.04         -6.65E1       -16.74        -0.83986      -20.79         
 218.95       -0.99595      -57.23        -6.312E1      -130.11       -6.402E1      -124.84       -0.83523      -57.19         
 228.9        -1.15553      -93.27        -6.335E1      153.52        -6.35E1       150.54        -0.86584      -93.47         
 238.85       -1.31081      -129.44       -6.776E1      73.15         -6.611E1      68.79         -0.91938      -129.09        
 248.8        -1.39784      -165.49       -7.033E1      19.67         -6.857E1      4.83          -0.93808      -163.90        
 258.75       -1.39226      158.85        -6.942E1      -17.43        -6.634E1      -22.17        -0.92325      161.76         
 268.7        -1.30251      123.77        -6.986E1      -57.06        -7.052E1      -61.13        -0.89602      127.61         
 278.65       -1.18603      89.12         -6.864E1      -105.27       -6.799E1      -115.15       -0.89661      93.10          
 288.6        -1.08499      54.79         -6.315E1      -179.74       -6.259E1      -176.70       -0.93665      58.02          
 298.55       -1.02179      20.61         -6.462E1      63.85         -6.464E1      68.78         -1.02041      22.43          
 308.5        -1.05073      -14.14        -7.229E1      -24.63        -7.072E1      -43.02        -1.11678      -13.48         
 318.45       -1.16614      -49.49        -7.338E1      98.07         -7.286E1      94.95         -1.16072      -49.54         
 328.4        -1.34968      -85.47        -7.011E1      31.53         -7.086E1      49.69         -1.15183      -85.48         
 338.35       -1.55041      -122.02       -6.586E1      -30.56        -6.526E1      -23.04        -1.12892      -121.48        
 348.3        -1.67293      -158.60       -6.663E1      -96.22        -6.788E1      -107.41       -1.11372      -157.35        
 358.25       -1.67811      165.46        -6.728E1      -134.19       -6.764E1      -129.16       -1.15745      167.30         
 368.2        -1.58211      130.28        -6.369E1      -179.58       -6.321E1      177.88        -1.25038      132.55         
 378.15       -1.40226      95.93         -6.201E1      100.94        -6.159E1      101.55        -1.32183      98.45          
 388.1        -1.24386      61.99         -6.519E1      26.80         -6.453E1      24.94         -1.3545       64.66          
 398.05       -1.17165      27.82         -7.079E1      -41.17        -7.321E1      -65.43        -1.3391       30.34          
 408          -1.19767      -6.95         -8.396E1      -118.23       -8.203E1      -60.32        -1.28347      -4.93          
 417.95       -1.34889      -42.45        -7.524E1      48.30         -7.368E1      52.40         -1.26723      -41.06         
 427.9        -1.57383      -78.77        -6.761E1      -29.38        -6.98E1       -27.85        -1.31053      -77.72         
 437.85       -1.77166      -115.52       -7.001E1      -84.30        -7.193E1      -102.80       -1.36344      -114.07        
 447.8        -1.89997      -152.26       -7.394E1      -106.90       -7.526E1      -123.10       -1.40605      -149.60        
 457.75       -1.9116       171.37        -7.695E1      -115.67       -7.466E1      -148.29       -1.39019      175.54         
 467.7        -1.79764      135.81        -7.35E1       -161.53       -7.161E1      -178.03       -1.30783      140.93         
 477.65       -1.63116      101.15        -6.919E1      114.49        -7.103E1      124.87        -1.22893      106.12         
 487.6        -1.4598       66.99         -7.026E1      54.66         -7.38E1       59.22         -1.21155      70.64          
 497.55       -1.35004      33.07         -7.289E1      37.64         -7.303E1      50.01         -1.27761      34.76          
 507.5        -1.35516      -1.14         -7.342E1      -30.72        -7.443E1      -27.25        -1.4054       -1.27          
 517.45       -1.49525      -36.23        -7.904E1      -68.58        -8.327E1      -53.23        -1.5229       -37.46         
 527.4        -1.72617      -72.46        -8.199E1      -76.95        -7.984E1      -93.95        -1.56143      -73.81         
 537.35       -1.99109      -109.76       -7.761E1      -115.26       -8.407E1      -87.45        -1.53694      -110.40        
 547.3        -2.16987      -147.67       -8.058E1      -152.06       -8.84E1       -148.20       -1.49808      -147.18        
 557.25       -2.18642      174.87        -8.066E1      -179.61       -8.652E1      -167.22       -1.51191      176.46         
 567.2        -2.05828      138.57        -8.874E1      -144.94       -9.051E1      147.87        -1.5976       141.02         
 577.15       -1.8499       103.55        -8.153E1      129.20        -8.322E1      -174.05       -1.71066      106.60         
 587.1        -1.64505      69.43         -8.493E1      97.57         -8.613E1      32.43         -1.78965      72.69          
 597.05       -1.52615      35.47         -7.448E1      75.94         -8.269E1      174.87        -1.80311      38.44          
 607          -1.5417       0.92          -8.078E1      77.16         -8.601E1      47.59         -1.76886      2.98           
 616.95       -1.71713      -34.73        -9.072E1      133.73        -8.718E1      1.70          -1.76491      -34.09         
 626.9        -2.00983      -71.72        -8.119E1      153.67        -8.568E1      114.70        -1.83255      -72.36         
 636.85       -2.31769      -109.82       -7.631E1      90.96         -7.714E1      100.66        -1.94695      -110.74        
 646.8        -2.52062      -148.43       -7.254E1      16.12         -7.432E1      11.95         -2.02878      -148.34        
 656.75       -2.53289      173.38        -8.005E1      -22.40        -7.998E1      -3.31         -2.00098      175.13         
 666.7        -2.38295      136.27        -7.064E1      27.68         -7.216E1      13.33         -1.88407      139.27         
 676.65       -2.16732      100.33        -6.35E1       -27.68        -6.392E1      -30.90        -1.77369      103.31         
 686.6        -1.99439      65.23         -6.209E1      -75.83        -6.231E1      -78.96        -1.77621      66.82          
 696.55       -1.96071      30.33         -5.684E1      -112.91       -5.69E1       -116.66       -1.97155      29.74          
 706.5        -2.11418      -5.29         -5.357E1      -168.69       -5.356E1      -168.43       -2.31507      -7.90          
 716.45       -2.47046      -42.23        -5.184E1      130.43        -5.179E1      132.81        -2.66331      -46.10         
 726.4        -2.98847      -80.98        -5.316E1      77.23         -5.309E1      78.91         -2.96573      -85.46         
 736.35       -3.53821      -122.06       -5.214E1      74.71         -5.202E1      70.40         -3.22412      -125.91        
 746.3        -4.03438      -164.59       -4.62E1       9.52          -4.613E1      9.36          -3.55711      -167.27        
 756.25       -4.37991      152.98        -4.641E1      -25.81        -4.639E1      -25.25        -4.13616      152.01         
 766.2        -4.64823      111.67        -4.027E1      -92.00        -4.023E1      -91.88        -4.80171      113.12         
 776.15       -5.1362       72.53         -4.156E1      -161.14       -4.156E1      -160.72       -5.48005      73.97          
 786.1        -5.82751      35.46         -4.47E1       137.16        -4.468E1      136.95        -6.64443      32.66          
 796.05       -7.08517      -2.81         -5.072E1      160.91        -5.078E1      161.52        -8.63656      -11.87         
 806          -9.62601      -45.28        -4.006E1      119.72        -4.003E1      119.93        -12.10227     -63.90         
 815.95       -14.71337     -91.87        -3.691E1      58.13         -3.691E1      57.93         -17.00128     -132.89        
 825.9        -24.3243      -176.47       -3.338E1      1.97          -3.336E1      2.07          -17.81708     116.83         
 835.85       -20.39224     46.77         -3.186E1      -76.82        -3.183E1      -76.82        -14.44404     34.86          
 845.8        -16.26356     -6.02         -3.664E1      -137.53       -3.661E1      -137.65       -12.23784     -24.57         
 855.75       -13.22446     -60.23        -3.502E1      -173.39       -3.502E1      -173.55       -10.56428     -77.21         
 865.7        -12.04512     -118.65       -3.53E1       137.29        -3.529E1      137.11        -9.24083      -127.16        
 875.65       -10.47641     -170.19       -3.449E1      87.26         -3.447E1      87.16         -8.37911      -171.56        
 885.6        -9.08212      143.77        -3.392E1      38.53         -3.393E1      38.37         -7.71344      150.16         
 895.55       -7.77516      107.12        -3.361E1      -23.08        -3.361E1      -23.08        -7.0158       114.51         
 905.5        -6.45912      71.73         -3.808E1      -65.01        -3.813E1      -65.24        -6.51803      79.68          
 915.45       -5.75842      37.31         -3.509E1      -105.47       -3.507E1      -105.66       -6.33489      45.07          
 925.4        -5.59768      3.91          -3.519E1      -172.02       -3.514E1      -172.13       -6.14485      11.59          
 935.35       -5.66084      -28.52        -3.815E1      136.02        -3.81E1       136.90        -5.77245      -23.96         
 945.3        -5.69094      -63.97        -4.004E1      100.32        -3.997E1      100.92        -5.56337      -62.43         
 955.25       -5.89723      -103.57       -4.112E1      39.96         -4.116E1      39.83         -5.23073      -101.51        
 965.2        -6.16716      -145.69       -5.016E1      31.06         -5.012E1      31.51         -4.82232      -143.08        
 975.15       -5.94747      172.51        -4.918E1      12.47         -4.903E1      12.68         -4.58917      176.44         
 985.1        -5.3794       132.60        -4.409E1      -10.03        -4.399E1      -9.96         -4.34748      137.89         
 995.05       -4.7451       95.70         -4.172E1      -57.79        -4.163E1      -57.57        -4.25374      102.23         
 1005         -4.22571      62.25         -4.182E1      -110.09       -4.179E1      -109.76       -4.16219      68.66          
 1014.95      -3.82557      29.64         -4.247E1      -147.63       -4.244E1      -147.22       -4.11512      36.06          
 1024.9       -3.75679      -3.86         -4.035E1      162.82        -4.043E1      162.17        -4.14756      2.22           
 1034.85      -4.102        -38.20        -4.077E1      92.14         -4.078E1      92.36         -4.40133      -33.37         
 1044.8       -4.6932       -74.36        -4.563E1      44.39         -4.57E1       44.11         -4.82253      -70.66         
 1054.75      -5.42501      -112.15       -4.962E1      -17.76        -4.957E1      -15.49        -5.26747      -109.24        
 1064.7       -5.85435      -150.66       -5.408E1      124.92        -5.39E1       121.39        -5.46421      -148.05        
 1074.65      -5.78782      170.32        -4.527E1      21.01         -4.53E1       19.62         -5.33561      174.16         
 1084.6       -5.33821      133.08        -4.388E1      -21.12        -4.392E1      -21.41        -4.87262      137.11         
 1094.55      -4.59627      97.27         -4.088E1      -76.93        -4.095E1      -77.66        -4.52148      100.91         
 1104.5       -4.05883      62.71         -4.068E1      -142.80       -4.073E1      -142.50       -4.36123      67.13          
 1114.45      -3.71352      29.13         -4.17E1       164.62        -4.164E1      164.06        -4.31217      34.50          
 1124.4       -3.61125      -3.93         -4.528E1      102.66        -4.504E1      102.15        -4.35931      2.20           
 1134.35      -3.85052      -38.10        -5.215E1      97.13         -5.182E1      92.73         -4.49691      -30.66         
 1144.3       -4.39133      -73.47        -4.762E1      78.63         -4.775E1      78.48         -4.5496       -64.76         
 1154.25      -5.08518      -110.48       -4.569E1      41.49         -4.566E1      40.99         -4.43835      -102.49        
 1164.2       -5.61561      -149.52       -4.354E1      -7.46         -4.356E1      -7.21         -4.49025      -143.46        
 1174.15      -5.72791      170.61        -4.765E1      -72.52        -4.752E1      -73.94        -4.61601      175.05         
 1184.1       -5.36648      131.74        -4.571E1      -90.16        -4.554E1      -89.93        -4.73542      135.26         
 1194.05      -4.87319      95.76         -4.54E1       -155.24       -4.552E1      -154.08       -4.78377      98.37          
 1204         -4.40767      62.84         -4.679E1      142.67        -4.681E1      144.12        -4.72075      64.86          
 1213.95      -4.08642      31.66         -5.515E1      78.08         -5.50E1       77.88         -4.50826      32.96          
 1223.9       -4.04258      0.23          -5.366E1      -155.74       -5.358E1      -155.35       -4.40632      1.10           
 1233.85      -4.36589      -32.32        -5.287E1      151.12        -5.291E1      152.63        -4.50219      -32.46         
 1243.8       -4.87482      -66.55        -4.659E1      83.19         -4.64E1       82.72         -5.04496      -67.39         
 1253.75      -5.42692      -103.82       -4.813E1      21.02         -4.793E1      19.38         -5.72595      -103.15        
 1263.7       -5.7764       -143.65       -4.821E1      -23.59        -4.81E1       -25.67        -6.12503      -140.90        
 1273.65      -5.73859      175.69        -5.295E1      -40.16        -5.314E1      -42.24        -6.16336      179.70         
 1283.6       -5.46491      136.24        -4.845E1      -61.83        -4.861E1      -62.95        -5.78746      140.91         
 1293.55      -5.04203      99.64         -4.688E1      -113.35       -4.689E1      -114.45       -5.25059      102.95         
 1303.5       -4.66962      64.80         -4.44E1       -150.24       -4.441E1      -150.39       -4.89837      67.15          
 1313.45      -4.50256      31.81         -4.272E1      156.50        -4.284E1      156.14        -4.87963      33.16          
 1323.4       -4.44161      -0.22         -4.366E1      97.57         -4.377E1      97.52         -5.00987      1.61           
 1333.35      -4.70976      -32.18        -4.622E1      59.75         -4.607E1      59.46         -5.12971      -29.60         
 1343.3       -5.17647      -64.44        -4.893E1      23.14         -4.888E1      21.29         -5.12881      -62.07         
 1353.25      -5.80901      -99.01        -4.931E1      -1.61         -4.926E1      -3.06         -5.12054      -97.39         
 1363.2       -6.55931      -137.09       -4.841E1      -31.64        -4.853E1      -31.92        -5.1512       -136.24        
 1373.15      -7.00201      -178.07       -4.883E1      -70.98        -4.864E1      -71.78        -5.45299      -177.38        
 1383.1       -6.79937      140.57        -5.179E1      -74.42        -5.204E1      -74.94        -5.81679      142.67         
 1393.05      -6.07608      103.14        -4.552E1      -113.06       -4.551E1      -112.98       -5.93107      104.68         
 1403         -5.2194       69.11         -4.309E1      -158.87       -4.298E1      -159.04       -5.82846      69.84          
 1412.95      -4.71284      37.39         -4.053E1      155.91        -4.043E1      155.92        -5.55347      37.44          
 1422.9       -4.66935      7.22          -3.832E1      98.48         -3.827E1      98.72         -5.24842      6.29           
 1432.85      -5.00509      -23.94        -3.844E1      35.18         -3.838E1      35.16         -5.07328      -25.89         
 1442.8       -5.75136      -57.96        -4.055E1      -20.54        -4.048E1      -20.40        -5.45985      -58.91         
 1452.75      -6.71008      -95.98        -4.395E1      -72.46        -4.389E1      -72.50        -6.10195      -93.57         
 1462.7       -7.47448      -137.35       -4.866E1      -82.49        -4.866E1      -82.62        -6.84537      -129.78        
 1472.65      -7.71522      -178.46       -4.621E1      -107.89       -4.624E1      -107.93       -7.20202      -168.30        
 1482.6       -7.49747      142.72        -4.551E1      -156.24       -4.557E1      -156.29       -7.0065       151.79         
 1492.55      -7.15089      107.80        -5.351E1      -176.43       -5.365E1      -176.32       -6.50602      112.43         
 1502.5       -6.72836      75.04         -4.623E1      -179.78       -4.615E1      -179.36       -6.05779      75.73          
 1512.45      -6.29747      42.31         -4.383E1      131.83        -4.384E1      132.08        -6.00129      41.49          
 1522.4       -6.01831      10.48         -4.211E1      89.19         -4.208E1      89.07         -6.26774      10.19          
 1532.35      -5.82568      -20.96        -4.301E1      42.06         -4.313E1      41.64         -6.59562      -19.48         
 1542.3       -5.82386      -51.92        -4.227E1      -2.09         -4.228E1      -1.71         -6.84289      -50.54         
 1552.25      -6.33016      -84.63        -4.268E1      -26.81        -4.261E1      -26.97        -7.07216      -83.90         
 1562.2       -7.56234      -119.65       -4.017E1      -74.70        -4.013E1      -75.20        -7.29614      -120.38        
 1572.15      -9.2321       -158.94       -3.84E1       -123.76       -3.844E1      -123.70       -7.57603      -159.59        
 1582.1       -10.2078      154.85        -3.854E1      -178.76       -3.846E1      -178.99       -7.90228      159.66         
 1592.05      -9.61157      109.06        -3.986E1      134.19        -3.98E1       133.98        -8.07054      119.96         
 1602         -8.01441      72.35         -4.03E1       95.71         -4.024E1      95.89         -7.79664      82.10          
 1611.95      -6.6317       42.28         -4.122E1      60.47         -4.124E1      60.36         -7.14537      46.68          
 1621.9       -6.06026      15.62         -4.034E1      36.23         -4.035E1      35.94         -6.47493      13.34          
 1631.85      -6.44847      -10.13        -3.829E1      -5.28         -3.821E1      -5.16         -6.01644      -19.27         
 1641.8       -7.66783      -35.75        -3.762E1      -56.88        -3.758E1      -57.51        -6.17871      -51.98         
 1651.75      -9.62125      -66.18        -3.97E1       -109.43       -3.964E1      -109.51       -7.0975       -84.29         
 1661.7       -11.638       -106.54       -4.372E1      -125.99       -4.362E1      -126.52       -8.27758      -117.17        
 1671.65      -11.75331     -156.49       -4.094E1      -149.14       -4.093E1      -149.90       -9.49427      -154.82        
 1681.6       -10.13477     159.26        -4.006E1      168.40        -4.001E1      168.51        -10.1296      163.79         
 1691.55      -8.83332      123.60        -3.901E1      121.99        -3.891E1      122.34        -9.62796      120.97         
 1701.5       -8.73348      94.04         -4.031E1      68.59         -4.042E1      68.16         -8.8273       81.01          
 1711.45      -9.52974      66.42         -4.27E1       36.03         -4.268E1      36.25         -8.52124      47.61          
 1721.4       -10.71981     36.41         -4.303E1      7.84          -4.311E1      7.23          -8.62759      19.04          
 1731.35      -11.2543      0.55          -4.184E1      -28.82        -4.183E1      -29.01        -8.99554      -8.37          
 1741.3       -10.45258     -38.11        -4.07E1       -59.40        -4.061E1      -60.16        -9.68693      -36.61         
 1751.25      -9.05069      -73.15        -3.803E1      -108.17       -3.799E1      -107.90       -10.00969     -67.45         
 1761.2       -8.30797      -101.91       -3.638E1      -164.82       -3.637E1      -164.92       -10.0013      -103.70        
 1771.15      -8.663        -124.95       -3.74E1       132.21        -3.74E1       131.58        -9.82594      -143.36        
 1781.1       -10.0173      -146.16       -4.19E1       85.60         -4.187E1      84.77         -9.85296      174.94         
 1791.05      -12.66963     -173.51       -4.271E1      81.44         -4.272E1      81.41         -10.54997     135.27         
 1801         -16.03292     131.29        -4.13E1       52.64         -4.136E1      52.70         -11.01945     96.00          
 1810.95      -13.1953      57.47         -4.10E1       30.91         -4.095E1      30.90         -10.96079     54.13          
 1820.9       -9.18746      18.42         -3.715E1      -7.41         -3.716E1      -7.84         -10.1789      14.32          
 1830.85      -7.25349      -3.38         -3.576E1      -62.85        -3.576E1      -63.04        -9.03593      -20.61         
 1840.8       -6.60683      -18.19        -3.751E1      -108.05       -3.744E1      -107.99       -8.50806      -52.16         
 1850.75      -6.66616      -28.53        -3.774E1      -150.99       -3.767E1      -150.78       -8.9797       -79.29         
 1860.7       -7.30704      -40.19        -3.818E1      171.25        -3.802E1      171.71        -10.27639     -103.83        
 1870.65      -9.6348       -57.91        -3.807E1      130.25        -3.808E1      131.07        -12.36802     -129.39        
 1880.6       -17.66969     -96.47        -3.93E1       82.90         -3.933E1      83.61         -15.3825      -164.53        
 1890.55      -14.93599     122.02        -3.879E1      60.40         -3.887E1      61.84         -17.76646     136.06         
 1900.5       -6.90064      96.67         -3.694E1      14.92         -3.701E1      16.23         -15.24868     76.67          
 1910.45      -2.12594      84.05         -3.57E1       -26.44        -3.58E1       -27.16        -12.28304     43.00          
 1920.4       1.62625       67.59         -3.484E1      -71.47        -3.48E1       -73.97        -10.84264     22.35          
 1930.35      3.93303       36.76         -3.393E1      -113.94       -3.373E1      -115.10       -10.68125     5.90           
 1940.3       1.91694       -2.48         -3.466E1      -169.45       -3.433E1      -168.14       -11.78162     -10.59         
 1950.25      -3.71556      -30.08        -3.766E1      154.86        -3.736E1      156.22        -14.16607     -31.03         
 1960.2       -11.02272     -64.87        -3.671E1      134.40        -3.669E1      134.96        -17.93054     -66.37         
 1970.15      -12.91226     -153.98       -3.597E1      87.86         -3.598E1      88.71         -20.38675     -140.62        
 1980.1       -7.17535      156.88        -3.691E1      46.98         -3.688E1      47.13         -16.66558     156.80         
 1990.05      -4.63774      124.93        -3.62E1       8.25          -3.61E1       8.15          -14.02645     123.69         
 2000         -4.94537      96.27         -3.624E1      -40.25        -3.618E1      -40.58        -13.04789     100.96         
