 10           -0.15593      -36.05        -6.935E1      -117.64       -7.542E1      -111.30       0.00556       -35.96         
 19.95        -0.57174      -71.61        -8.075E1      95.86         -7.951E1      69.13         -0.01612      -71.85         
 29.9         -1.11398      -107.01       -6.851E1      27.14         -6.854E1      36.50         -0.07619      -107.64        
 39.85        -1.56511      -142.47       -5.465E1      -8.88         -5.491E1      -6.96         -0.17142      -143.44        
 49.8         -1.96479      -178.35       -4.625E1      166.70        -4.637E1      166.63        -0.30761      -178.96        
 59.75        -1.89596      146.48        -5.167E1      93.65         -5.197E1      94.10         -0.41722      145.25         
 69.7         -1.58294      111.26        -5.104E1      -3.35         -5.114E1      -2.99         -0.49601      109.67         
 79.65        -1.1547       76.61         -6.435E1      -130.51       -6.452E1      -127.95       -0.51012      74.31          
 89.6         -0.76444      41.70         -5.814E1      -157.49       -5.797E1      -159.76       -0.53915      39.09          
 99.55        -0.57816      6.45          -5.422E1      94.04         -5.446E1      95.66         -0.54039      3.86           
 109.5        -0.75276      -28.69        -4.739E1      -19.52        -4.737E1      -19.15        -0.57477      -31.67         
 119.45       -1.05538      -63.95        -4.824E1      -124.47       -4.826E1      -123.85       -0.61368      -67.56         
 129.4        -1.53949      -99.61        -4.856E1      155.19        -4.88E1       155.90        -0.63928      -103.64        
 139.35       -1.98903      -135.18       -4.847E1      86.83         -4.844E1      87.41         -0.67276      -139.47        
 149.3        -2.22802      -170.61       -4.942E1      21.19         -4.935E1      21.46         -0.72749      -174.71        
 159.25       -2.18034      154.19        -4.853E1      -44.12        -4.845E1      -43.47        -0.81516      150.75         
 169.2        -1.88713      119.37        -5.073E1      -124.21       -5.079E1      -123.44       -0.85138      116.46         
 179.15       -1.46964      84.66         -5.184E1      173.46        -5.22E1       171.73        -0.91047      81.95          
 189.1        -1.08426      49.77         -5.201E1      104.45        -5.208E1      105.86        -0.90454      46.88          
 199.05       -0.94765      14.58         -5.254E1      13.09         -5.273E1      14.09         -0.88395      11.28          
 209          -1.07876      -20.43        -4.862E1      -85.54        -4.834E1      -86.74        -0.83935      -24.47         
 218.95       -1.44293      -54.78        -4.656E1      -166.22       -4.669E1      -165.42       -0.79734      -60.47         
 228.9        -1.80766      -89.74        -4.533E1      115.94        -4.534E1      115.91        -0.81568      -96.48         
 238.85       -2.18706      -124.99       -4.689E1      52.60         -4.679E1      53.07         -0.89036      -132.41        
 248.8        -2.46919      -160.86       -4.56E1       21.17         -4.557E1      21.22         -0.97037      -168.20        
 258.75       -2.56884      163.61        -3.966E1      -37.07        -3.96E1       -36.42        -1.078        156.13         
 268.7        -2.3496       128.37        -3.715E1      -127.59       -3.718E1      -127.30       -1.14504      121.02         
 278.65       -2.18305      92.68         -3.63E1       116.08        -3.633E1      116.92        -1.44231      86.68          
 288.6        -1.91455      59.74         -4.30E1       -49.22        -4.298E1      -49.61        -1.38937      54.46          
 298.55       -1.40178      25.43         -4.828E1      152.65        -4.814E1      153.79        -1.26724      20.57          
 308.5        -1.31083      -10.45        -4.851E1      108.03        -4.877E1      108.95        -1.23806      -15.48         
 318.45       -1.54291      -46.01        -4.369E1      70.75         -4.371E1      71.40         -1.27645      -52.31         
 328.4        -2.01697      -81.80        -4.162E1      7.98          -4.171E1      9.02          -1.28468      -89.27         
 338.35       -2.58878      -117.20       -4.008E1      -55.14        -4.004E1      -54.31        -1.28665      -125.98        
 348.3        -3.04233      -152.50       -4.021E1      -112.03       -4.029E1      -111.70       -1.26056      -161.61        
 358.25       -3.13734      173.41        -3.905E1      -177.59       -3.909E1      -177.10       -1.28456      163.51         
 368.2        -2.8724       139.25        -4.167E1      92.79         -4.166E1      93.47         -1.43604      129.29         
 378.15       -2.37058      104.48        -4.654E1      36.34         -4.653E1      36.45         -1.56706      95.42          
 388.1        -1.95626      69.95         -4.878E1      -88.69        -4.88E1       -87.32        -1.64384      61.00          
 398.05       -1.65044      35.19         -4.516E1      151.74        -4.502E1      152.50        -1.64797      25.95          
 408          -1.64423      -0.67         -4.327E1      77.02         -4.328E1      76.80         -1.55366      -9.61          
 417.95       -2.02475      -35.80        -4.016E1      25.97         -4.017E1      26.93         -1.52365      -45.35         
 427.9        -2.4819       -70.99        -3.911E1      -44.55        -3.919E1      -44.20        -1.58562      -81.10         
 437.85       -2.9692       -106.99       -3.87E1       -97.93        -3.874E1      -97.51        -1.67635      -116.98        
 447.8        -3.40891      -143.02       -3.956E1      -162.49       -3.956E1      -161.76       -1.82848      -152.99        
 457.75       -3.65921      -179.26       -4.11E1       146.29        -4.103E1      147.03        -1.91861      170.99         
 467.7        -3.66089      146.04        -4.43E1       86.63         -4.426E1      87.84         -1.8747       135.73         
 477.65       -3.26402      112.06        -5.371E1      -9.65         -5.382E1      -11.23        -1.84606      101.23         
 487.6        -2.70166      78.39         -4.503E1      122.93        -4.513E1      124.09        -1.79107      67.87          
 497.55       -2.19075      43.80         -4.159E1      47.73         -4.157E1      48.75         -1.81486      34.51          
 507.5        -1.9518       9.20          -4.06E1       -6.41         -4.062E1      -5.85         -1.92406      0.22           
 517.45       -2.09285      -26.28        -3.954E1      -67.53        -3.955E1      -66.29        -2.07002      -35.51         
 527.4        -2.55544      -61.80        -4.073E1      -136.28       -4.074E1      -135.96       -2.10764      -72.39         
 537.35       -3.15838      -97.65        -4.718E1      172.74        -4.717E1      171.96        -2.02141      -109.83        
 547.3        -3.69132      -133.96       -5.386E1      150.26        -5.421E1      148.96        -1.8685       -146.92        
 557.25       -3.91229      -170.52       -4.808E1      -143.38       -4.823E1      -142.55       -1.81975      176.99         
 567.2        -3.85962      153.09        -4.091E1      147.90        -4.083E1      148.63        -1.92634      141.62         
 577.15       -3.54137      117.70        -3.976E1      93.29         -3.979E1      93.87         -2.13558      106.78         
 587.1        -3.18903      83.27         -3.743E1      49.35         -3.747E1      49.80         -2.34012      71.73          
 597.05       -2.79797      49.39         -3.555E1      -1.96         -3.561E1      -1.86         -2.47448      36.53          
 607          -2.76442      14.33         -3.43E1       -59.22        -3.429E1      -58.58        -2.52912      1.84           
 616.95       -3.12019      -19.52        -3.50E1       -121.58       -3.504E1      -120.83       -2.50091      -32.51         
 626.9        -3.50895      -53.55        -3.646E1      -173.24       -3.65E1       -172.80       -2.56451      -67.32         
 636.85       -4.0642       -89.21        -3.929E1      154.51        -3.928E1      155.21        -2.80942      -102.90        
 646.8        -4.62806      -125.19       -3.94E1       106.29        -3.939E1      106.98        -3.08036      -139.00        
 656.75       -4.82576      -161.51       -4.431E1      64.83         -4.434E1      65.16         -3.17083      -176.41        
 666.7        -4.59604      162.55        -4.434E1      56.79         -4.439E1      57.39         -3.03699      147.05         
 676.65       -4.06239      126.18        -4.30E1       32.97         -4.305E1      34.05         -2.74946      111.50         
 686.6        -3.54961      90.06         -4.097E1      5.99          -4.098E1      6.67          -2.54453      77.71          
 696.55       -3.26117      54.81         -3.728E1      -40.84        -3.734E1      -40.33        -2.48604      44.63          
 706.5        -3.2093       20.46         -3.653E1      -89.30        -3.655E1      -88.65        -2.71573      10.59          
 716.45       -3.41285      -14.57        -3.617E1      -137.86       -3.614E1      -137.54       -3.0383       -25.31         
 726.4        -4.05594      -49.88        -3.643E1      -178.62       -3.642E1      -178.00       -3.35772      -63.67         
 736.35       -4.84457      -85.47        -3.538E1      128.53        -3.543E1      128.65        -3.58114      -103.17        
 746.3        -5.59958      -122.47       -3.72E1       82.69         -3.719E1      83.30         -3.57296      -141.45        
 756.25       -6.18549      -160.15       -3.863E1      47.93         -3.862E1      48.48         -3.63346      -178.62        
 766.2        -6.50648      162.18        -3.813E1      8.58          -3.812E1      9.03          -3.94154      146.14         
 776.15       -6.27652      127.40        -3.918E1      -26.13        -3.924E1      -25.67        -4.2881       111.62         
 786.1        -5.6964       93.62         -3.87E1       -45.76        -3.872E1      -45.16        -4.65803      76.54          
 796.05       -5.06572      61.12         -3.452E1      -81.70        -3.451E1      -80.91        -4.88712      40.59          
 806          -4.64326      27.45         -3.336E1      -141.39       -3.335E1      -140.97       -5.19033      5.16           
 815.95       -4.76532      -7.44         -3.315E1      171.80        -3.318E1      172.47        -5.40967      -28.10         
 825.9        -5.46182      -43.30        -3.27E1       117.98        -3.27E1       118.75        -5.69838      -61.71         
 835.85       -6.50867      -81.45        -3.559E1      55.42         -3.563E1      56.25         -6.45242      -96.36         
 845.8        -8.0487       -122.21       -3.88E1       61.00         -3.881E1      61.82         -7.64929      -135.15        
 855.75       -9.73503      -162.78       -3.387E1      21.04         -3.387E1      21.59         -9.17505      -172.38        
 865.7        -10.86103     162.61        -3.258E1      -38.46        -3.259E1      -37.83        -9.52277      151.15         
 875.65       -10.63141     132.17        -3.196E1      -78.05        -3.197E1      -77.38        -9.62206      117.22         
 885.6        -9.5456       99.51         -2.986E1      -132.73       -2.985E1      -132.17       -9.21698      88.92          
 895.55       -9.0904       66.77         -3.157E1      161.74        -3.158E1      162.31        -9.2251       62.83          
 905.5        -9.53204      36.46         -3.223E1      125.37        -3.219E1      126.06        -9.78451      39.00          
 915.45       -10.37678     12.55         -3.323E1      75.74         -3.326E1      76.54         -10.65835     16.61          
 925.4        -11.1711      -7.58         -3.255E1      18.31         -3.256E1      18.93         -11.48182     -7.05          
 935.35       -11.81742     -24.73        -3.619E1      -32.44        -3.622E1      -31.93        -11.58506     -33.42         
 945.3        -11.65643     -45.67        -3.594E1      -36.51        -3.597E1      -35.92        -10.55044     -62.12         
 955.25       -11.8842      -71.31        -3.427E1      -126.27       -3.428E1      -125.79       -8.12436      -95.35         
 965.2        -11.80505     -104.63       -4.451E1      178.73        -4.465E1      179.71        -6.05163      -133.78        
 975.15       -11.42457     -142.68       -3.905E1      -152.81       -3.90E1       -152.21       -4.8484       -172.88        
 985.1        -9.76804      176.43        -3.76E1       139.80        -3.763E1      140.41        -4.14071      148.82         
 995.05       -7.89991      134.88        -3.794E1      78.67         -3.797E1      79.65         -3.84083      108.55         
 1005         -6.31694      97.16         -4.065E1      34.81         -4.06E1       35.87         -3.50894      69.06          
 1014.95      -4.97013      62.47         -4.15E1       -9.76         -4.138E1      -9.08         -3.02887      31.13          
 1024.9       -4.08863      27.93         -4.272E1      -56.34        -4.271E1      -53.58        -2.53868      -4.56          
 1034.85      -3.68522      -7.07         -4.375E1      -104.77       -4.384E1      -103.71       -2.27702      -38.94         
 1044.8       -3.71544      -43.40        -4.583E1      -161.22       -4.587E1      -158.55       -2.35564      -73.92         
 1054.75      -4.02084      -81.90        -5.02E1       144.52        -5.013E1      145.14        -2.71251      -111.26        
 1064.7       -4.37558      -122.10       -5.723E1      121.87        -5.715E1      126.33        -3.02718      -151.64        
 1074.65      -4.47555      -163.11       -5.821E1      99.70         -5.763E1      107.82        -2.93317      166.85         
 1084.6       -4.20245      156.71        -6.101E1      82.09         -5.955E1      78.17         -2.44665      127.66         
 1094.55      -3.64661      118.63        -6.05E1       48.78         -6.083E1      46.89         -1.94349      92.21          
 1104.5       -3.02648      82.69         -6.172E1      17.76         -6.17E1       19.11         -1.71671      59.31          
 1114.45      -2.50976      48.21         -6.203E1      -24.00        -6.279E1      -19.90        -1.82186      26.74          
 1124.4       -2.22029      14.39         -6.481E1      -57.63        -6.571E1      -62.63        -2.13122      -7.47          
 1134.35      -2.23959      -19.72        -6.634E1      -93.89        -6.819E1      -89.44        -2.38218      -44.53         
 1144.3       -2.59026      -55.07        -7.504E1      -150.00       -7.359E1      -141.49       -2.31524      -83.79         
 1154.25      -3.19591      -92.23        -7.903E1      9.34          -8.137E1      6.77          -1.9919       -123.06        
 1164.2       -3.85583      -131.48       -7.058E1      -57.39        -7.228E1      -45.81        -1.75873      -161.01        
 1174.15      -4.23348      -172.12       -6.895E1      -72.41        -6.80E1       -100.27       -1.85867      161.98         
 1184.1       -4.11532      148.07        -6.822E1      -122.02       -6.785E1      -119.35       -2.27658      125.00         
 1194.05      -3.61329      110.89        -6.09E1       -153.86       -6.10E1       -152.45       -2.72412      87.49          
 1204         -3.00508      76.46         -5.969E1      150.45        -5.957E1      157.72        -2.83257      50.26          
 1213.95      -2.53943      43.74         -6.048E1      102.37        -5.98E1       102.78        -2.59246      15.07          
 1223.9       -2.38596      11.23         -6.077E1      57.38         -6.01E1       59.66         -2.2848       -17.44         
 1233.85      -2.6167       -22.18        -6.126E1      36.88         -6.132E1      33.78         -2.20741      -48.60         
 1243.8       -3.19743      -57.20        -6.178E1      -32.74        -6.147E1      -30.68        -2.56462      -80.42         
 1253.75      -3.95597      -94.47        -6.822E1      -35.68        -6.635E1      -35.36        -3.30886      -115.44        
 1263.7       -4.59264      -134.09       -6.128E1      -17.28        -6.111E1      -22.78        -4.03957      -155.39        
 1273.65      -4.84111      -174.73       -5.558E1      -86.73        -5.592E1      -87.18        -4.12875      161.92         
 1283.6       -4.66026      145.63        -5.775E1      -139.05       -5.783E1      -141.60       -3.5409       121.95         
 1293.55      -4.23496      108.09        -5.996E1      -162.85       -5.988E1      -164.05       -2.9107       87.29          
 1303.5       -3.78875      72.74         -5.442E1      -171.28       -5.445E1      -168.27       -2.64313      55.93          
 1313.45      -3.5015       39.09         -5.398E1      136.26        -5.417E1      136.44        -2.9108       24.93          
 1323.4       -3.37494      6.58          -5.287E1      114.42        -5.306E1      115.82        -3.53409      -8.31          
 1333.35      -3.50124      -26.01        -4.90E1       58.38         -4.885E1      59.70         -4.11371      -46.05         
 1343.3       -3.97319      -59.31        -4.928E1      9.68          -4.919E1      8.89          -4.19228      -86.70         
 1353.25      -4.73823      -94.45        -5.044E1      -27.91        -5.035E1      -28.40        -3.79794      -126.36        
 1363.2       -5.65084      -132.82       -4.912E1      -67.78        -4.917E1      -67.11        -3.44342      -162.90        
 1373.15      -6.28733      -175.06       -5.01E1       -153.89       -5.004E1      -152.40       -3.58983      162.33         
 1383.1       -6.25187      142.43        -6.458E1      -109.17       -6.488E1      -115.07       -4.29414      126.92         
 1393.05      -5.56096      103.20        -5.477E1      -138.38       -5.45E1       -138.99       -5.06795      89.00          
 1403         -4.77189      68.74         -5.282E1      162.97        -5.25E1       164.26        -5.34052      48.94          
 1412.95      -4.23866      37.26         -5.354E1      148.05        -5.328E1      149.42        -4.92293      11.44          
 1422.9       -4.20868      6.85          -5.027E1      111.48        -5.031E1      113.23        -4.31514      -20.81         
 1432.85      -4.78296      -24.30        -4.75E1       59.65         -4.74E1       59.41         -4.08888      -49.56         
 1442.8       -5.91025      -57.07        -4.579E1      15.23         -4.562E1      15.30         -4.62309      -77.72         
 1452.75      -7.20059      -93.40        -4.518E1      -42.40        -4.517E1      -41.69        -6.00335      -109.03        
 1462.7       -8.18838      -134.46       -4.434E1      -87.90        -4.437E1      -87.06        -7.75824      -148.12        
 1472.65      -8.36746      -177.52       -4.286E1      -138.47       -4.295E1      -137.59       -8.52524      162.66         
 1482.6       -8.00329      141.29        -4.291E1      152.28        -4.292E1      152.78        -7.35753      117.60         
 1492.55      -7.4811       103.21        -4.812E1      103.57        -4.802E1      103.81        -5.92851      82.75          
 1502.5       -7.24268      67.16         -4.687E1      82.67         -4.684E1      84.28         -5.36395      54.59          
 1512.45      -7.21514      33.63         -4.718E1      6.03          -4.715E1      6.21          -5.74772      27.98          
 1522.4       -7.17741      1.70          -6.215E1      -80.69        -6.215E1      -79.32        -7.09628      -1.40          
 1532.35      -7.3339       -29.39        -5.187E1      119.45        -5.187E1      122.31        -9.07449      -37.83         
 1542.3       -7.76176      -59.14        -4.205E1      46.34         -4.208E1      47.00         -10.15263     -84.26         
 1552.25      -8.76632      -89.86        -3.751E1      -32.57        -3.75E1       -32.07        -9.96208      -129.70        
 1562.2       -10.77652     -124.40       -3.724E1      -102.69       -3.724E1      -102.20       -9.4776       -161.97        
 1572.15      -13.80099     -168.17       -3.754E1      -149.64       -3.754E1      -148.91       -9.68451      173.75         
 1582.1       -15.5031      133.06        -3.671E1      165.75        -3.671E1      166.46        -10.71398     150.69         
 1592.05      -13.39925     84.24         -3.632E1      106.18        -3.631E1      106.94        -12.93768     120.29         
 1602         -10.86718     52.19         -3.706E1      53.25         -3.702E1      53.67         -15.44574     72.53          
 1611.95      -9.35061      28.22         -3.922E1      3.86          -3.928E1      4.14          -14.254       20.04          
 1621.9       -8.90048      6.71          -4.261E1      -21.90        -4.263E1      -20.85        -10.89854     -11.54         
 1631.85      -9.98862      -13.39        -4.087E1      -50.80        -4.095E1      -50.17        -8.67743      -34.26         
 1641.8       -12.57042     -30.46        -4.204E1      -92.52        -4.206E1      -92.17        -8.24559      -52.38         
 1651.75      -17.10621     -45.39        -4.359E1      -125.42       -4.349E1      -124.86       -9.31901      -66.09         
 1661.7       -25.09682     -60.00        -4.158E1      -136.26       -4.152E1      -136.07       -12.01121     -75.61         
 1671.65      -31.26679     156.72        -3.736E1      178.71        -3.731E1      179.61        -17.08119     -83.74         
 1681.6       -21.45061     121.40        -3.552E1      117.01        -3.557E1      117.81        -37.4887      -127.73        
 1691.55      -18.748       109.85        -3.681E1      60.89         -3.688E1      61.92         -18.81386     83.15          
 1701.5       -17.88487     105.16        -3.708E1      7.27          -3.707E1      6.95          -13.32602     75.68          
 1711.45      -17.38054     98.99         -4.073E1      -44.50        -4.077E1      -44.11        -10.87579     67.84          
 1721.4       -18.19555     84.12         -4.149E1      -70.93        -4.15E1       -70.63        -9.95966      61.88          
 1731.35      -19.88072     58.68         -4.038E1      -106.79       -4.035E1      -106.51       -9.73913      50.90          
 1741.3       -21.13185     14.19         -3.949E1      -152.44       -3.953E1      -151.69       -10.92828     30.71          
 1751.25      -18.64844     -30.06        -3.841E1      171.09        -3.845E1      172.04        -13.61858     -7.01          
 1761.2       -15.51986     -52.57        -3.758E1      114.53        -3.753E1      115.04        -13.9057      -68.76         
 1771.15      -12.64775     -67.25        -3.881E1      68.18         -3.884E1      68.75         -10.35048     -113.90        
 1781.1       -11.06168     -81.97        -3.956E1      25.46         -3.952E1      26.20         -7.63596      -139.96        
 1791.05      -11.10016     -97.07        -4.213E1      -20.21        -4.20E1       -20.90        -6.50869      -160.75        
 1801         -13.05039     -112.01       -4.496E1      -14.66        -4.484E1      -13.23        -7.01295      177.86         
 1810.95      -18.52691     -135.01       -3.872E1      -35.08        -3.873E1      -34.78        -9.63367      149.02         
 1820.9       -23.79377     89.24         -3.543E1      -94.43        -3.541E1      -93.58        -13.6843      91.41          
 1830.85      -12.5699      43.34         -3.516E1      -151.17       -3.513E1      -150.43       -10.2492      18.26          
 1840.8       -8.05283      24.56         -3.571E1      163.11        -3.573E1      163.74        -5.72657      -14.89         
 1850.75      -5.96617      10.32         -3.594E1      113.90        -3.595E1      114.28        -3.20827      -35.54         
 1860.7       -4.91943      -0.17         -3.799E1      70.85         -3.802E1      71.60         -2.31696      -53.30         
 1870.65      -4.30177      -11.32        -3.945E1      50.16         -3.955E1      49.24         -2.92264      -71.32         
 1880.6       -4.71293      -28.31        -3.832E1      22.12         -3.837E1      22.12         -5.35023      -93.38         
 1890.55      -7.69717      -55.83        -3.568E1      -15.60        -3.584E1      -15.17        -10.4236      -133.94        
 1900.5       -15.77002     -126.72       -3.483E1      -66.59        -3.506E1      -66.35        -11.54486     136.45         
 1910.45      -8.60625      138.66        -3.536E1      -115.19       -3.52E1       -115.08       -6.32719      89.95          
 1920.4       -2.01398      116.10        -3.588E1      -160.60       -3.567E1      -159.16       -3.72822      67.26          
 1930.35      3.00296       99.71         -3.578E1      154.51        -3.575E1      156.61        -3.0053       50.35          
 1940.3       7.82892       67.29         -3.53E1       97.74         -3.544E1      98.99         -3.69642      34.23          
 1950.25      7.08419       7.23          -3.949E1      35.37         -4.008E1      36.43         -5.83927      14.93          
 1960.2       1.5799        -28.27        -4.549E1      23.21         -4.584E1      23.48         -9.63556      -18.09         
 1970.15      -2.86133      -56.00        -4.642E1      7.02          -4.69E1       7.37          -11.09303     -84.98         
 1980.1       -4.66307      -94.51        -4.305E1      -2.89         -4.302E1      -1.68         -6.45818      -134.81        
 1990.05      -2.90628      -139.18       -3.907E1      -50.06        -3.90E1       -49.25        -2.79382      -161.85        
 2000         -0.64519      174.16        -3.622E1      -115.62       -3.624E1      -114.74       -0.94032      175.32         
