 10           -0.16634      -36.04        -6.92E1       -118.42       -7.467E1      -102.78       0.00132       -35.96         
 19.95        -0.60971      -71.57        -8.121E1      101.42        -7.544E1      85.21         -0.03148      -71.92         
 29.9         -1.1838       -106.93       -6.583E1      31.89         -6.674E1      37.25         -0.10464      -107.81        
 39.85        -1.64975      -142.38       -5.025E1      -19.64        -5.06E1       -18.31        -0.21112      -143.70        
 49.8         -2.03142      -178.22       -4.987E1      165.79        -5.011E1      166.21        -0.32574      -179.15        
 59.75        -1.99363      146.39        -5.214E1      111.88        -5.237E1      113.56        -0.43194      145.20         
 69.7         -1.66613      111.20        -5.299E1      5.22          -5.318E1      7.30          -0.49042      109.80         
 79.65        -1.19863      76.58         -6.374E1      -37.37        -6.28E1       -35.76        -0.51763      74.41          
 89.6         -0.78432      41.66         -5.213E1      -99.00        -5.208E1      -99.02        -0.57061      39.08          
 99.55        -0.57647      6.61          -5.098E1      136.87        -5.096E1      136.47        -0.59275      3.73           
 109.5        -0.69597      -28.97        -4.775E1      38.04         -4.777E1      36.87         -0.63662      -31.99         
 119.45       -1.17317      -63.86        -4.456E1      -93.10        -4.454E1      -92.74        -0.6866       -67.81         
 129.4        -1.60114      -99.20        -4.886E1      152.38        -4.906E1      153.49        -0.68668      -103.78        
 139.35       -2.06087      -134.84       -5.199E1      67.56         -5.182E1      67.39         -0.71221      -139.08        
 149.3        -2.31491      -170.38       -5.683E1      -1.01         -5.666E1      -0.11         -0.67681      -174.12        
 159.25       -2.26474      154.33        -5.657E1      -48.79        -5.634E1      -47.43        -0.72566      150.93         
 169.2        -1.95222      119.43        -5.204E1      -107.84       -5.228E1      -106.70       -0.82185      116.20         
 179.15       -1.50577      84.63         -5.058E1      178.73        -5.087E1      177.62        -0.93389      81.25          
 189.1        -1.10354      49.68         -4.994E1      93.19         -4.989E1      94.56         -1.01931      46.37          
 199.05       -0.97547      14.51         -4.953E1      20.46         -4.973E1      21.66         -0.94891      11.07          
 209          -1.09378      -20.28        -5.11E1       -57.21        -5.106E1      -58.69        -0.88606      -24.62         
 218.95       -1.42166      -54.55        -4.803E1      -153.38       -4.825E1      -152.71       -0.85466      -60.40         
 228.9        -1.81524      -89.71        -4.821E1      124.88        -4.831E1      125.05        -0.86788      -96.18         
 238.85       -2.25778      -124.91       -4.848E1      63.56         -4.832E1      63.31         -0.9515       -131.97        
 248.8        -2.57034      -160.70       -4.614E1      8.10          -4.617E1      8.05          -1.02599      -167.64        
 258.75       -2.67795      163.65        -4.465E1      -41.74        -4.451E1      -40.93        -1.06915      156.73         
 268.7        -2.49258      128.85        -3.978E1      -110.93       -3.979E1      -110.80       -1.10658      121.72         
 278.65       -2.14871      92.98         -3.866E1      165.44        -3.863E1      165.95        -1.12187      87.33          
 288.6        -1.95157      59.58         -4.026E1      80.24         -4.035E1      80.91         -1.1821       53.07          
 298.55       -1.40354      25.45         -4.203E1      5.28          -4.213E1      5.84          -1.2688       18.46          
 308.5        -1.29968      -10.47        -4.478E1      -99.22        -4.467E1      -98.45        -1.3456       -16.71         
 318.45       -1.55437      -46.08        -4.667E1      137.06        -4.674E1      137.38        -1.42294      -53.43         
 328.4        -2.06702      -81.57        -4.428E1      32.94         -4.435E1      34.76         -1.50612      -89.96         
 338.35       -2.66768      -116.76       -4.216E1      -56.15        -4.217E1      -55.10        -1.49383      -125.96        
 348.3        -3.11186      -151.77       -4.447E1      -127.00       -4.454E1      -127.16       -1.44435      -161.23        
 358.25       -3.12581      173.70        -4.426E1      167.55        -4.431E1      167.89        -1.47459      164.43         
 368.2        -2.95697      138.78        -4.954E1      126.59        -4.952E1      127.06        -1.49885      130.62         
 378.15       -2.53881      104.45        -4.938E1      69.83         -4.942E1      70.36         -1.52764      96.40          
 388.1        -2.02494      70.49         -5.178E1      -3.04         -5.172E1      -2.91         -1.55055      61.59          
 398.05       -1.64363      35.49         -5.825E1      -167.08       -5.761E1      -168.30       -1.5241       26.23          
 408          -1.62024      -0.43         -5.199E1      86.91         -5.203E1      85.72         -1.43413      -9.39          
 417.95       -1.96789      -35.74        -4.658E1      31.32         -4.652E1      32.48         -1.37386      -45.13         
 427.9        -2.48545      -71.09        -4.306E1      -30.93        -4.323E1      -30.24        -1.4079       -81.20         
 437.85       -3.03347      -106.90       -4.07E1       -86.51        -4.079E1      -86.24        -1.5243       -117.58        
 447.8        -3.53244      -142.47       -3.775E1      -153.04       -3.778E1      -152.57       -1.6878       -154.20        
 457.75       -3.7625       -178.35       -3.724E1      135.39        -3.725E1      136.17        -1.81715      169.27         
 467.7        -3.66383      146.79        -3.725E1      59.66         -3.725E1      60.47         -1.78068      133.68         
 477.65       -3.27511      112.08        -3.844E1      -24.23        -3.846E1      -23.97        -1.81801      98.79          
 487.6        -2.73758      78.35         -3.978E1      -110.04       -3.972E1      -109.77       -1.92347      65.48          
 497.55       -2.20718      43.77         -3.969E1      155.88        -3.969E1      156.73        -2.07924      32.55          
 507.5        -1.94642      9.17          -3.762E1      60.94         -3.765E1      61.46         -2.26609      -0.41          
 517.45       -2.09882      -26.42        -3.658E1      -20.95        -3.654E1      -20.06        -2.38268      -35.86         
 527.4        -2.59658      -61.65        -3.733E1      -98.68        -3.735E1      -98.24        -2.42755      -72.78         
 537.35       -3.21617      -97.18        -3.845E1      -163.77       -3.852E1      -163.71       -2.35214      -109.88        
 547.3        -3.73986      -133.12       -3.951E1      136.15        -3.957E1      136.54        -2.1662       -146.42        
 557.25       -3.94744      -169.77       -4.209E1      57.80         -4.205E1      58.29         -2.03028      177.97         
 567.2        -3.87373      153.60        -4.829E1      -15.77        -4.829E1      -14.37        -2.04679      143.14         
 577.15       -3.57266      117.72        -5.03E1       -141.43       -5.022E1      -139.86       -2.16072      108.53         
 587.1        -3.25104      83.12         -4.489E1      129.84        -4.501E1      130.25        -2.25956      73.34          
 597.05       -2.85479      49.43         -3.976E1      53.86         -3.994E1      54.41         -2.29753      37.77          
 607          -2.80089      14.56         -3.749E1      -16.30        -3.748E1      -16.02        -2.25174      2.22           
 616.95       -3.08202      -19.15        -3.706E1      -77.59        -3.709E1      -76.76        -2.22509      -32.95         
 626.9        -3.45134      -53.55        -3.634E1      -136.68       -3.637E1      -135.87       -2.25504      -68.39         
 636.85       -4.07617      -89.26        -3.702E1      169.16        -3.705E1      169.83        -2.47227      -104.69        
 646.8        -4.69584      -124.93       -3.81E1       115.58        -3.812E1      116.32        -2.73716      -142.03        
 656.75       -4.92123      -160.95       -4.004E1      66.94         -4.004E1      67.27         -2.89999      179.82         
 666.7        -4.69056      163.22        -4.337E1      27.99         -4.342E1      28.12         -2.90323      141.99         
 676.65       -4.12672      126.75        -4.373E1      -19.32        -4.382E1      -18.19        -2.88484      105.86         
 686.6        -3.58198      90.43         -5.344E1      -72.27        -5.364E1      -71.20        -3.05432      71.74          
 696.55       -3.26856      54.96         -5.041E1      9.05          -5.057E1      10.76         -3.45016      39.84          
 706.5        -3.20043      20.46         -3.961E1      -45.45        -3.962E1      -45.17        -4.02091      8.91           
 716.45       -3.40873      -14.68        -3.729E1      -121.39       -3.727E1      -120.82       -4.29734      -23.30         
 726.4        -4.06267      -49.81        -3.74E1       -175.69       -3.74E1       -175.10       -4.45316      -59.11         
 736.35       -4.85088      -85.07        -3.683E1      127.31        -3.69E1       127.25        -4.28553      -96.42         
 746.3        -5.58631      -121.97       -4.068E1      69.27         -4.065E1      69.89         -3.95725      -134.76        
 756.25       -6.22548      -159.82       -3.972E1      42.08         -3.973E1      42.64         -3.68947      -171.01        
 766.2        -6.57617      162.63        -4.135E1      -8.26         -4.135E1      -7.84         -3.54392      152.85         
 776.15       -6.33336      127.56        -4.199E1      -59.67        -4.20E1       -58.95        -3.58939      116.45         
 786.1        -5.80392      93.71         -4.798E1      -108.59       -4.804E1      -108.05       -3.78012      79.32          
 796.05       -5.14503      61.48         -5.449E1      -77.15        -5.458E1      -76.07        -3.93357      41.82          
 806          -4.63126      27.64         -4.38E1       -80.72        -4.385E1      -80.16        -4.00643      4.89           
 815.95       -4.73243      -7.49         -3.837E1      -127.86       -3.834E1      -127.07       -4.1659       -31.70         
 825.9        -5.4585       -43.39        -3.583E1      165.84        -3.584E1      166.47        -4.67893      -68.51         
 835.85       -6.50345      -81.22        -3.744E1      113.49        -3.747E1      114.59        -5.7831       -106.83        
 845.8        -8.02859      -121.80       -3.745E1      92.58         -3.746E1      93.50         -7.22625      -147.97        
 855.75       -9.77336      -162.41       -3.436E1      49.65         -3.439E1      50.02         -9.1788       166.38         
 865.7        -10.95504     162.94        -3.108E1      -4.23         -3.108E1      -3.72         -11.93882     127.01         
 875.65       -10.76315     132.49        -3.07E1       -62.28        -3.071E1      -61.61        -13.89446     107.41         
 885.6        -9.65667      99.74         -2.978E1      -119.55       -2.979E1      -118.93       -12.04044     102.96         
 895.55       -9.21824      66.95         -2.959E1      175.92        -2.961E1      176.54        -9.90086      82.35          
 905.5        -9.55536      36.55         -3.28E1       110.70        -3.275E1      111.42        -8.41093      55.88          
 915.45       -10.33947     12.53         -3.69E1       69.57         -3.693E1      70.38         -8.02656      23.10          
 925.4        -11.20113     -8.61         -4.01E1       20.93         -4.017E1      21.90         -8.66461      -12.41         
 935.35       -11.96651     -24.19        -4.325E1      24.09         -4.336E1      24.62         -9.28912      -48.27         
 945.3        -11.53039     -44.92        -3.625E1      -0.34         -3.627E1      0.46          -9.48193      -83.40         
 955.25       -11.77084     -70.86        -3.592E1      -61.25        -3.589E1      -60.33        -8.87035      -116.09        
 965.2        -11.66481     -104.00       -3.539E1      -121.73       -3.536E1      -120.92       -7.984        -145.29        
 975.15       -11.36969     -142.63       -3.56E1       -174.84       -3.558E1      -174.06       -6.82088      -175.96        
 985.1        -9.81377      176.83        -3.656E1      118.77        -3.658E1      119.47        -5.75883      150.70         
 995.05       -7.96003      135.45        -4.302E1      47.27         -4.299E1      48.68         -4.93942      112.73         
 1005         -6.34166      97.44         -4.729E1      79.61         -4.723E1      81.17         -4.16396      72.98          
 1014.95      -4.99555      62.42         -4.422E1      29.74         -4.404E1      30.30         -3.38634      34.29          
 1024.9       -4.11869      27.84         -4.361E1      -25.62        -4.336E1      -23.88        -2.73652      -2.08          
 1034.85      -3.69685      -7.01         -4.574E1      -68.32        -4.558E1      -67.44        -2.37862      -37.08         
 1044.8       -3.71409      -43.36        -4.747E1      -122.43       -4.719E1      -120.18       -2.44141      -72.44         
 1054.75      -4.01722      -81.65        -5.05E1       -158.68       -5.047E1      -157.69       -2.82065      -110.13        
 1064.7       -4.36743      -121.71       -5.17E1       162.55        -5.141E1      165.40        -3.15715      -150.82        
 1074.65      -4.47534      -162.63       -5.386E1      129.86        -5.311E1      131.53        -3.06322      167.42         
 1084.6       -4.21513      157.14        -5.509E1      85.58         -5.441E1      83.34         -2.55989      128.14         
 1094.55      -3.66399      118.95        -5.749E1      48.30         -5.767E1      47.18         -2.04016      92.74          
 1104.5       -3.03973      82.87         -5.996E1      14.36         -5.96E1       14.91         -1.80861      59.87          
 1114.45      -2.51903      48.26         -6.204E1      -23.18        -6.19E1       -19.96        -1.92524      27.27          
 1124.4       -2.22308      14.37         -6.572E1      -47.90        -6.723E1      -52.40        -2.25347      -7.06          
 1134.35      -2.23694      -19.75        -6.56E1       -59.75        -6.799E1      -51.17        -2.51978      -44.30         
 1144.3       -2.58317      -55.02        -7.15E1       -70.42        -7.056E1      -84.76        -2.453        -83.67         
 1154.25      -3.18392      -92.05        -7.15E1       -69.48        -7.216E1      -81.91        -2.11978      -122.77        
 1164.2       -3.84446      -131.15       -6.67E1       -115.71       -6.747E1      -125.43       -1.87136      -160.39        
 1174.15      -4.22915      -171.70       -6.809E1      -158.19       -6.40E1       -155.19       -1.96875      162.94         
 1184.1       -4.12027      148.45        -6.799E1      164.34        -6.752E1      169.74        -2.38183      126.23         
 1194.05      -3.62239      111.14        -6.499E1      136.85        -6.514E1      136.30        -2.8141       88.64          
 1204         -3.01575      76.58         -6.516E1      64.05         -6.63E1       55.66         -2.89733      51.09          
 1213.95      -2.54619      43.75         -6.924E1      -14.90        -6.898E1      -7.25         -2.61386      15.55          
 1223.9       -2.38936      11.18         -8.19E1       -104.20       -9.744E1      171.33        -2.2488       -17.25         
 1233.85      -2.61509      -22.21        -6.663E1      -168.56       -6.682E1      -161.32       -2.13449      -48.54         
 1243.8       -3.18655      -57.15        -6.01E1       104.72        -5.972E1      106.24        -2.45912      -80.57         
 1253.75      -3.93579      -94.29        -5.724E1      27.78         -5.72E1       26.08         -3.20447      -115.85        
 1263.7       -4.57043      -133.79       -5.776E1      -28.31        -5.783E1      -31.40        -3.97054      -156.22        
 1273.65      -4.82618      -174.35       -5.665E1      -85.03        -5.676E1      -85.36        -4.12046      160.72         
 1283.6       -4.65882      145.99        -5.977E1      -163.79       -5.993E1      -168.16       -3.58845      120.53         
 1293.55      -4.23961      108.34        -8.299E1      -10.39        -8.456E1      -8.54         -3.00204      85.69          
 1303.5       -3.79466      72.84         -5.525E1      -99.43        -5.502E1      -95.88        -2.84778      54.28          
 1313.45      -3.51004      39.08         -4.932E1      -165.77       -4.923E1      -165.18       -3.23393      23.65          
 1323.4       -3.3767       6.54          -4.818E1      134.61        -4.823E1      135.59        -3.9917       -9.09          
 1333.35      -3.49653      -26.07        -4.624E1      81.62         -4.605E1      81.67         -4.69453      -45.71         
 1343.3       -3.96231      -59.28        -4.494E1      31.55         -4.507E1      31.04         -4.75598      -85.32         
 1353.25      -4.71396      -94.31        -4.44E1       -23.68        -4.437E1      -23.54        -4.23857      -123.89        
 1363.2       -5.62245      -132.55       -4.416E1      -75.59        -4.424E1      -74.78        -3.67913      -159.51        
 1373.15      -6.27264      -174.67       -4.679E1      -142.18       -4.674E1      -141.30       -3.61387      166.01         
 1383.1       -6.24625      142.80        -4.926E1      -149.87       -4.938E1      -150.32       -4.0859       130.56         
 1393.05      -5.56535      103.42        -4.771E1      169.35        -4.774E1      170.57        -4.78525      91.74          
 1403         -4.78386      68.80         -4.762E1      121.53        -4.757E1      123.96        -4.9874       51.07          
 1412.95      -4.24787      37.26         -4.761E1      88.75         -4.759E1      90.75         -4.51528      12.50          
 1422.9       -4.20994      6.78          -4.848E1      30.24         -4.841E1      31.75         -3.86776      -20.69         
 1432.85      -4.77829      -24.36        -5.271E1      11.63         -5.249E1      12.62         -3.60439      -50.55         
 1442.8       -5.89752      -57.17        -4.875E1      -7.73         -4.855E1      -6.72         -4.10407      -80.37         
 1452.75      -7.18568      -93.32        -4.827E1      -66.71        -4.826E1      -65.19        -5.53995      -113.83        
 1462.7       -8.1653       -134.15       -5.284E1      -57.06        -5.292E1      -56.29        -7.48001      -155.54        
 1472.65      -8.35728      -177.09       -4.574E1      -89.63        -4.569E1      -88.48        -8.27429      154.19         
 1482.6       -8.00664      141.75        -4.275E1      -144.87       -4.273E1      -144.13       -7.35332      109.09         
 1492.55      -7.49304      103.59        -4.202E1      -173.99       -4.207E1      -173.79       -6.29764      75.94          
 1502.5       -7.25203      67.30         -3.886E1      128.44        -3.882E1      129.25        -6.02715      48.98          
 1512.45      -7.2114       33.68         -4.017E1      79.58         -4.018E1      80.36         -6.87168      24.31          
 1522.4       -7.16941      1.62          -3.947E1      43.78         -3.945E1      44.61         -8.64267      -0.77          
 1532.35      -7.31039      -29.50        -3.905E1      7.39          -3.914E1      7.77          -10.82763     -31.94         
 1542.3       -7.73649      -59.39        -3.676E1      -34.81        -3.675E1      -34.23        -12.09318     -74.96         
 1552.25      -8.76062      -89.83        -3.573E1      -91.05        -3.573E1      -90.60        -11.10874     -116.87        
 1562.2       -10.73538     -124.16       -3.596E1      -138.12       -3.597E1      -137.37       -9.63743      -149.78        
 1572.15      -13.77654     -167.65       -3.64E1       173.80        -3.643E1      174.52        -8.69681      -176.12        
 1582.1       -15.54458     133.77        -3.65E1       134.69        -3.646E1      135.26        -9.03518      155.76         
 1592.05      -13.44368     84.64         -3.629E1      81.42         -3.628E1      82.03         -10.5946      120.84         
 1602         -10.91076     52.32         -3.646E1      25.04         -3.647E1      25.90         -12.46905     69.44          
 1611.95      -9.37126      28.30         -4.082E1      -30.62        -4.089E1      -30.31        -11.51512     15.46          
 1621.9       -8.89549      6.79          -4.68E1       -44.61        -4.677E1      -43.83        -9.25177      -21.25         
 1631.85      -9.95964      -13.56        -4.614E1      -43.06        -4.612E1      -41.43        -8.19653      -46.48         
 1641.8       -12.5374      -31.10        -3.955E1      -71.85        -3.96E1       -71.26        -8.98443      -64.31         
 1651.75      -17.16453     -45.94        -3.864E1      -136.98       -3.862E1      -136.33       -11.50115     -73.42         
 1661.7       -24.99137     -60.44        -4.11E1       -177.32       -4.114E1      -175.96       -14.83594     -65.99         
 1671.65      -31.20493     158.13        -3.946E1      156.37        -3.942E1      157.55        -17.81297     -53.65         
 1681.6       -21.52818     121.60        -3.956E1      115.90        -3.955E1      116.52        -22.86436     -35.21         
 1691.55      -18.86774     110.06        -3.676E1      79.76         -3.678E1      81.06         -25.65481     61.33          
 1701.5       -17.95797     105.58        -3.573E1      15.61         -3.575E1      15.93         -15.82852     89.33          
 1711.45      -17.4341      99.23         -3.822E1      -32.02        -3.823E1      -31.31        -10.71633     80.46          
 1721.4       -18.24975     84.03         -3.90E1       -62.17        -3.897E1      -62.00        -8.82005      65.49          
 1731.35      -20.02714     58.47         -3.757E1      -105.01       -3.756E1      -104.25       -8.8546       48.29          
 1741.3       -21.21905     13.59         -3.677E1      -144.30       -3.679E1      -143.51       -10.43572     25.02          
 1751.25      -18.70062     -30.26        -3.557E1      168.19        -3.56E1       169.02        -13.33254     -15.86         
 1761.2       -15.44858     -52.61        -3.622E1      117.72        -3.625E1      118.16        -13.46374     -77.44         
 1771.15      -12.63944     -67.27        -3.659E1      72.61         -3.657E1      72.88         -10.14543     -119.21        
 1781.1       -11.01259     -81.90        -3.766E1      24.98         -3.767E1      25.75         -7.69127      -143.98        
 1791.05      -11.05533     -96.96        -4.099E1      -18.51        -4.095E1      -17.96        -6.83066      -163.98        
 1801         -12.99041     -111.95       -4.325E1      -8.40         -4.333E1      -7.80         -7.6821       175.86         
 1810.95      -18.41446     -134.78       -3.691E1      -43.38        -3.691E1      -43.27        -10.78358     149.49         
 1820.9       -23.84643     90.49         -3.496E1      -110.39       -3.496E1      -109.88       -15.82783     90.23          
 1830.85      -12.56276     43.40         -3.561E1      -168.63       -3.562E1      -168.46       -11.74756     13.86          
 1840.8       -8.04635      24.40         -3.796E1      146.51        -3.796E1      147.02        -6.50465      -14.91         
 1850.75      -5.98342      10.23         -3.77E1       105.38        -3.776E1      106.16        -3.68509      -34.40         
 1860.7       -4.92219      -0.19         -3.823E1      58.10         -3.833E1      59.02         -2.55762      -51.35         
 1870.65      -4.29949      -11.29        -4.101E1      16.65         -4.096E1      15.42         -2.95577      -69.18         
 1880.6       -4.687        -28.33        -4.195E1      -4.02         -4.202E1      -4.12         -5.18693      -91.47         
 1890.55      -7.6573       -55.88        -3.995E1      -37.40        -4.017E1      -38.06        -10.24577     -131.50        
 1900.5       -15.58286     -126.26       -3.987E1      -78.38        -4.022E1      -78.61        -11.76913     138.93         
 1910.45      -8.61131      139.09        -3.923E1      -111.73       -3.906E1      -111.91       -6.43041      90.84          
 1920.4       -2.01647      116.33        -3.783E1      -148.13       -3.755E1      -146.81       -3.74994      67.72          
 1930.35      2.99885       99.67         -3.474E1      167.41        -3.471E1      168.92        -3.02053      50.23          
 1940.3       7.80395       67.20         -3.332E1      100.17        -3.346E1      100.96        -3.77431      34.07          
 1950.25      7.06181       7.27          -3.719E1      42.70         -3.752E1      43.56         -5.96052      14.90          
 1960.2       1.56277       -28.30        -4.016E1      18.24         -4.035E1      18.74         -9.85302      -18.41         
 1970.15      -2.86499      -56.10        -4.147E1      -15.42        -4.168E1      -15.83        -11.36918     -86.96         
 1980.1       -4.64803      -94.56        -4.214E1      -24.94        -4.216E1      -24.33        -6.65053      -136.63        
 1990.05      -2.8894       -139.08       -3.756E1      -60.09        -3.75E1       -59.46        -3.01078      -162.94        
 2000         -0.63555      174.36        -3.518E1      -124.98       -3.518E1      -124.84       -1.22103      174.88         
