 10           -0.03363      -35.46        -6.778E1      -114.29       -7.156E1      -109.64       -0.00343      -36.14         
 19.95        -0.15439      -70.90        -7.834E1      -144.84       -8.464E1      -176.29       -0.02577      -72.03         
 29.9         -0.33942      -106.56       -8.918E1      -3.31         -8.999E1      165.80        -0.08835      -107.60        
 39.85        -0.53151      -142.49       -7.783E1      -21.14        -8.607E1      68.71         -0.18226      -142.89        
 49.8         -0.69554      -178.54       -6.577E1      139.57        -6.614E1      139.71        -0.2985       -177.86        
 59.75        -0.76667      145.48        -7.105E1      68.00         -7.496E1      66.81         -0.41099      147.17         
 69.7         -0.73723      110.04        -7.105E1      -50.33        -7.316E1      -55.89        -0.47652      112.27         
 79.65        -0.64666      75.25         -8.834E1      135.96        -9.245E1      -111.59       -0.50585      77.27          
 89.6         -0.563        40.83         -8.373E1      -55.69        -8.528E1      -114.08       -0.53273      42.08          
 99.55        -0.51871      6.29          -7.374E1      112.76        -7.358E1      122.12        -0.55017      6.55           
 109.5        -0.56401      -28.77        -7.047E1      30.82         -6.76E1       22.43         -0.58058      -29.29         
 119.45       -0.68243      -64.55        -6.279E1      -121.16       -6.286E1      -117.58       -0.61789      -65.37         
 129.4        -0.82574      -100.89       -6.524E1      161.54        -6.546E1      157.55        -0.62992      -101.25        
 139.35       -0.95612      -136.98       -6.722E1      24.73         -6.591E1      28.75         -0.62467      -136.47        
 149.3        -1.02935      -172.50       -7.575E1      -55.13        -7.605E1      -48.69        -0.63112      -171.14        
 159.25       -1.03106      152.63        -7.74E1       -87.93        -7.599E1      -70.15        -0.67606      154.64         
 169.2        -0.98051      118.12        -7.29E1       -135.64       -7.401E1      -116.90       -0.75325      120.47         
 179.15       -0.90525      83.50         -7.02E1       -176.23       -7.34E1       161.81        -0.83822      85.86          
 189.1        -0.83274      48.63         -6.539E1      119.05        -6.497E1      118.92        -0.89906      50.64          
 199.05       -0.80356      13.58         -6.346E1      -12.19        -6.432E1      -12.41        -0.8916       15.16          
 209          -0.83549      -21.52        -6.514E1      -78.46        -6.428E1      -85.42        -0.83372      -20.73         
 218.95       -0.94326      -56.67        -6.211E1      -178.14       -6.337E1      178.86        -0.79519      -56.63         
 228.9        -1.08014      -92.05        -6.387E1      104.16        -6.367E1      103.41        -0.80024      -92.31         
 238.85       -1.21839      -127.98       -6.702E1      37.72         -6.524E1      36.81         -0.85184      -127.79        
 248.8        -1.31229      -164.37       -6.665E1      -9.92         -6.556E1      -13.81        -0.91127      -163.01        
 258.75       -1.31933      159.39        -6.471E1      -73.21        -6.314E1      -67.11        -0.93095      162.04         
 268.7        -1.23317      124.01        -6.304E1      -135.17       -6.323E1      -138.40       -0.90418      127.48         
 278.65       -1.11904      89.63         -6.165E1      134.39        -6.109E1      137.58        -0.88871      93.16          
 288.6        -1.00822      56.04         -6.783E1      27.20         -6.905E1      20.18         -0.89389      58.78          
 298.55       -0.95497      22.37         -7.776E1      -33.12        -8.197E1      -65.77        -0.95801      23.90          
 308.5        -1.00563      -12.34        -8.61E1       140.64        -8.288E1      -115.09       -1.07428      -11.95         
 318.45       -1.13694      -48.29        -6.948E1      113.11        -6.856E1      102.03        -1.16644      -48.68         
 328.4        -1.31164      -85.06        -6.672E1      26.20         -6.784E1      34.94         -1.19697      -85.54         
 338.35       -1.4656       -121.90       -6.677E1      -50.31        -6.666E1      -43.01        -1.16807      -121.94        
 348.3        -1.53085      -157.96       -6.839E1      -83.86        -7.063E1      -90.59        -1.11438      -157.34        
 358.25       -1.50902      167.10        -6.798E1      -139.19       -6.816E1      -142.41       -1.11388      168.29         
 368.2        -1.43342      132.58        -7.072E1      171.55        -7.058E1      171.06        -1.19044      134.29         
 378.15       -1.31536      98.06         -6.608E1      137.02        -6.581E1      139.97        -1.2982       100.10         
 388.1        -1.21762      63.29         -6.507E1      32.74         -6.448E1      36.83         -1.39199      65.53          
 398.05       -1.17054      28.20         -7.35E1       -60.58        -7.311E1      -85.68        -1.40836      30.25          
 408          -1.18334      -6.82         -7.418E1      176.64        -7.713E1      -175.54       -1.34442      -5.38          
 417.95       -1.28691      -41.58        -6.948E1      58.78         -6.915E1      59.19         -1.28491      -40.92         
 427.9        -1.45856      -76.75        -6.706E1      -24.76        -6.904E1      -18.54        -1.28924      -76.54         
 437.85       -1.6379       -112.82       -6.771E1      -66.84        -6.915E1      -79.89        -1.34752      -112.31        
 447.8        -1.78899      -149.92       -6.979E1      -130.34       -6.967E1      -138.22       -1.43914      -148.27        
 457.75       -1.82559      172.58        -7.399E1      152.43        -7.07E1       151.93        -1.47883      175.71         
 467.7        -1.70814      136.11        -7.651E1      47.29         -7.651E1      79.29         -1.41283      140.13         
 477.65       -1.52387      101.56        -8.226E1      -34.66        -8.025E1      -85.45        -1.30841      105.33         
 487.6        -1.34448      68.46         -7.998E1      124.89        -7.991E1      -166.79       -1.24751      70.89          
 497.55       -1.24783      35.80         -7.515E1      111.46        -7.401E1      113.16        -1.29139      36.28          
 507.5        -1.2857       2.14          -7.27E1       35.78         -7.558E1      46.51         -1.45632      0.71           
 517.45       -1.46502      -33.63        -7.817E1      -18.81        -7.447E1      -6.17         -1.65586      -36.32         
 527.4        -1.70741      -71.30        -7.765E1      -49.32        -7.773E1      -66.03        -1.76034      -74.26         
 537.35       -1.91734      -109.59       -7.553E1      -103.16       -8.09E1       -100.79       -1.72954      -111.92        
 547.3        -2.0039       -147.05       -7.851E1      -151.52       -8.728E1      -113.89       -1.6288       -148.34        
 557.25       -1.96646      177.07        -7.98E1       -162.65       -8.732E1      -158.46       -1.57946      176.71         
 567.2        -1.86337      142.20        -8.588E1      -127.35       -9.018E1      98.60         -1.65672      142.56         
 577.15       -1.73766      107.35        -8.449E1      146.68        -8.452E1      171.15        -1.83738      108.24         
 587.1        -1.61661      72.04         -8.96E1       97.02         -9.514E1      50.51         -2.02378      73.07          
 597.05       -1.53405      36.47         -7.514E1      70.01         -7.864E1      179.60        -2.1102       37.01          
 607          -1.52383      1.16          -8.739E1      95.36         -8.678E1      -50.16        -2.06905      0.57           
 616.95       -1.62084      -33.74        -8.182E1      -159.31       -8.727E1      -156.26       -2.0064       -35.89         
 626.9        -1.83208      -68.97        -7.408E1      140.19        -7.524E1      126.64        -2.03083      -72.51         
 636.85       -2.12143      -105.67       -6.952E1      85.37         -6.948E1      87.68         -2.18335      -109.69        
 646.8        -2.38448      -144.52       -6.471E1      13.34         -6.452E1      12.99         -2.38086      -147.72        
 656.75       -2.4539       175.54        -6.422E1      -51.95        -6.378E1      -49.28        -2.46018      173.87         
 666.7        -2.29194      136.86        -6.629E1      -121.99       -6.548E1      -119.29       -2.36423      136.25         
 676.65       -2.01909      100.94        -6.922E1      -161.65       -6.765E1      -171.12       -2.20652      100.06         
 686.6        -1.79981      67.41         -7.538E1      104.89        -7.331E1      107.39        -2.14673      65.03          
 696.55       -1.77118      34.40         -7.197E1      -44.49        -7.523E1      -44.32        -2.33972      29.75          
 706.5        -1.99643      -0.28         -5.944E1      -83.46        -5.95E1       -83.69        -2.80841      -7.37          
 716.45       -2.44958      -38.29        -5.101E1      -166.85       -5.071E1      -166.52       -3.42076      -47.17         
 726.4        -3.04467      -79.41        -4.862E1      125.05        -4.849E1      126.48        -3.88977      -88.95         
 736.35       -3.53243      -121.43       -4.458E1      60.93         -4.443E1      59.29         -4.09564      -130.95        
 746.3        -3.78371      -162.18       -4.454E1      -6.69         -4.449E1      -6.36         -4.23678      -171.30        
 756.25       -4.02062      159.09        -4.54E1       -59.00        -4.543E1      -58.99        -4.66121      149.70         
 766.2        -4.24796      121.16        -4.301E1      -114.78       -4.295E1      -114.24       -5.58515      109.89         
 776.15       -4.52173      81.57         -4.455E1      178.69        -4.446E1      179.26        -7.20451      68.05          
 786.1        -5.13157      39.24         -6.224E1      147.01        -6.241E1      144.07        -9.53228      22.14          
 796.05       -6.04577      -3.76         -4.098E1      175.12        -4.091E1      175.15        -12.85348     -28.33         
 806          -7.7074       -49.36        -3.777E1      109.72        -3.778E1      109.75        -19.25729     -77.70         
 815.95       -11.54217     -100.36       -3.403E1      36.99         -3.405E1      37.05         -46.7372      -172.08        
 825.9        -19.07744     -179.75       -3.316E1      -24.09        -3.315E1      -23.91        -21.74187     25.24          
 835.85       -16.97678     55.52         -3.372E1      -102.87       -3.37E1       -102.51       -17.87529     -4.12          
 845.8        -12.63857     -8.00         -3.533E1      -160.51       -3.531E1      -160.41       -15.22329     -27.19         
 855.75       -11.97292     -60.08        -3.95E1       129.84        -3.948E1      129.65        -12.98777     -58.96         
 865.7        -12.33565     -118.70       -4.795E1      112.48        -4.791E1      112.12        -10.9551      -103.03        
 875.65       -11.79938     -177.49       -4.589E1      139.03        -4.593E1      138.56        -9.07479      -153.69        
 885.6        -9.98066      139.94        -3.651E1      78.73         -3.651E1      78.95         -7.19773      159.96         
 895.55       -7.94223      107.13        -3.569E1      8.44          -3.569E1      8.71          -5.65526      119.06         
 905.5        -6.55493      77.34         -3.651E1      -45.10        -3.658E1      -44.99        -5.04361      82.73          
 915.45       -5.97162      47.38         -3.611E1      -95.69        -3.608E1      -95.99        -4.98695      47.99          
 925.4        -5.82935      15.85         -3.496E1      -177.35       -3.49E1       -176.98       -5.45729      11.82          
 935.35       -5.96624      -19.54        -4.185E1      95.66         -4.192E1      96.25         -6.01931      -27.15         
 945.3        -5.93125      -59.56        -5.008E1      -98.06        -4.993E1      -101.11       -6.13592      -69.34         
 955.25       -5.5849       -101.03       -4.759E1      157.34        -4.752E1      157.63        -5.90619      -109.63        
 965.2        -5.24994      -141.88       -4.119E1      117.53        -4.113E1      117.42        -5.28819      -146.61        
 975.15       -4.95519      179.69        -3.829E1      63.54         -3.829E1      63.13         -4.86636      177.78         
 985.1        -4.7718       141.03        -3.577E1      2.47          -3.571E1      2.40          -4.72511      142.70         
 995.05       -4.58315      101.94        -3.555E1      -67.12        -3.549E1      -67.06        -4.76257      106.60         
 1005         -4.32431      63.90         -3.736E1      -137.73       -3.727E1      -137.61       -4.70489      69.56          
 1014.95      -3.95676      28.77         -4.076E1      150.47        -4.064E1      151.05        -4.5415       33.55          
 1024.9       -3.73976      -4.11         -4.673E1      66.70         -4.64E1       66.76         -4.31058      -1.00          
 1034.85      -3.93951      -34.70        -4.547E1      -80.89        -4.573E1      -80.69        -4.26547      -34.78         
 1044.8       -4.42183      -65.12        -3.956E1      175.34        -3.962E1      175.36        -4.69122      -69.68         
 1054.75      -5.1597       -99.94        -3.789E1      97.92         -3.778E1      96.95         -5.50766      -107.88        
 1064.7       -5.77917      -141.23       -3.859E1      38.20         -3.849E1      37.76         -6.22568      -149.57        
 1074.65      -5.71091      173.96        -3.869E1      -9.41         -3.864E1      -10.84        -6.1984       167.08         
 1084.6       -4.84612      133.09        -3.833E1      -67.64        -3.831E1      -68.95        -5.51627      128.66         
 1094.55      -3.97257      98.58         -3.953E1      -123.28       -3.945E1      -124.51       -4.71789      96.04          
 1104.5       -3.42308      68.56         -4.097E1      172.59        -4.096E1      172.66        -4.26096      66.16          
 1114.45      -3.24177      38.61         -4.478E1      103.13        -4.466E1      102.86        -4.31553      36.28          
 1124.4       -3.51643      6.16          -4.963E1      8.66          -4.936E1      10.58         -4.81213      4.19           
 1134.35      -4.08855      -31.18        -4.413E1      -118.70       -4.446E1      -117.96       -5.44061      -32.31         
 1144.3       -4.71884      -71.79        -4.147E1      153.83        -4.155E1      154.27        -5.73026      -72.54         
 1154.25      -5.06627      -111.01       -3.822E1      89.81         -3.826E1      90.23         -5.42927      -113.24        
 1164.2       -5.01907      -146.58       -3.68E1       18.42         -3.682E1      18.60         -5.03975      -151.68        
 1174.15      -4.93366      179.86        -3.83E1       -43.07        -3.833E1      -43.64        -4.9073       171.75         
 1184.1       -4.8448       145.78        -3.981E1      -93.55        -3.98E1       -93.59        -5.26712      135.09         
 1194.05      -4.71944      108.17        -4.025E1      -153.23       -4.023E1      -152.83       -5.78269      97.91          
 1204         -4.4932       69.25         -4.472E1      132.30        -4.48E1       133.18        -5.88092      59.91          
 1213.95      -4.03974      32.81         -6.773E1      160.01        -6.747E1      152.83        -5.53292      24.07          
 1223.9       -3.62981      0.06          -5.153E1      -155.48       -5.142E1      -156.30       -5.06289      -8.68          
 1233.85      -3.55857      -29.46        -4.35E1       142.19        -4.353E1      141.78        -4.97856      -39.02         
 1243.8       -3.94053      -58.59        -4.108E1      96.36         -4.106E1      95.96         -5.49559      -69.53         
 1253.75      -4.79402      -91.67        -3.859E1      32.43         -3.86E1       31.90         -6.67435      -103.23        
 1263.7       -5.94261      -133.59       -3.836E1      -26.59        -3.833E1      -27.25        -7.90769      -144.62        
 1273.65      -6.51304      178.20        -3.894E1      -83.55        -3.892E1      -84.03        -8.05292      167.89         
 1283.6       -5.84032      135.04        -4.169E1      -147.50       -4.166E1      -147.78       -6.88871      124.91         
 1293.55      -4.72692      101.96        -4.588E1      159.24        -4.59E1       158.74        -5.65576      90.47          
 1303.5       -3.89419      74.34         -5.819E1      140.26        -5.86E1       139.88        -5.02674      61.00          
 1313.45      -3.68063      47.74         -5.43E1       -132.70       -5.41E1       -131.15       -5.16636      32.36          
 1323.4       -3.88306      18.96         -4.333E1      177.28        -4.339E1      177.68        -5.99069      1.69           
 1333.35      -4.52813      -16.98        -4.007E1      102.59        -4.001E1      102.18        -6.94274      -33.87         
 1343.3       -5.32901      -58.74        -4.024E1      48.37         -4.026E1      47.93         -7.39531      -74.69         
 1353.25      -5.60737      -101.17       -4.011E1      2.53          -4.008E1      2.32          -7.04091      -114.89        
 1363.2       -5.50953      -138.19       -3.934E1      -47.16        -3.935E1      -47.01        -6.36845      -150.73        
 1373.15      -5.29933      -170.51       -4.011E1      -102.70       -4.004E1      -102.70       -6.20353      175.93         
 1383.1       -5.3879       156.66        -4.382E1      -149.88       -4.377E1      -150.04       -6.76157      142.20         
 1393.05      -5.71535      119.79        -4.692E1      -173.60       -4.696E1      -173.55       -7.61593      105.20         
 1403         -5.83201      78.87         -4.429E1      178.74        -4.425E1      179.16        -7.90673      63.96          
 1412.95      -5.32701      38.61         -4.131E1      135.04        -4.132E1      135.29        -7.25239      23.77          
 1422.9       -4.7022       4.94          -4.148E1      82.19         -4.147E1      82.57         -6.24873      -9.69          
 1432.85      -4.36453      -22.30        -4.151E1      38.65         -4.145E1      38.43         -5.65159      -37.84         
 1442.8       -4.54574      -46.81        -4.141E1      7.95          -4.131E1      7.99          -5.87555      -65.19         
 1452.75      -5.39872      -73.52        -4.078E1      -47.90        -4.081E1      -47.96        -7.20407      -95.03         
 1462.7       -7.09286      -109.06       -4.439E1      -94.36        -4.443E1      -93.45        -9.41396      -133.54        
 1472.65      -8.5603       -160.51       -4.337E1      -81.19        -4.334E1      -80.77        -10.83952     174.01         
 1482.6       -7.62524      144.93        -4.065E1      -147.14       -4.061E1      -147.08       -9.43515      123.95         
 1492.55      -5.62965      107.15        -4.157E1      172.84        -4.153E1      172.29        -7.54634      89.09          
 1502.5       -4.36838      80.52         -4.038E1      142.30        -4.037E1      142.50        -6.63943      62.76          
 1512.45      -3.85752      58.03         -3.987E1      86.26         -3.987E1      86.21         -6.72653      39.73          
 1522.4       -4.11395      33.83         -4.192E1      43.98         -4.194E1      44.35         -7.73184      14.90          
 1532.35      -5.22777      2.94          -4.417E1      24.14         -4.426E1      24.27         -9.49598      -16.04         
 1542.3       -6.8622       -37.68        -3.961E1      -3.98         -3.962E1      -3.94         -10.76304     -58.41         
 1552.25      -7.58889      -85.59        -3.752E1      -59.41        -3.745E1      -59.55        -10.12976     -105.77        
 1562.2       -7.08948      -126.90       -3.868E1      -121.61       -3.86E1       -121.69       -8.59369      -144.22        
 1572.15      -6.58463      -158.00       -4.231E1      -157.41       -4.236E1      -157.78       -7.83349      -175.86        
 1582.1       -6.68204      174.96        -4.164E1      -171.66       -4.166E1      -171.82       -8.34713      154.04         
 1592.05      -7.44894      144.67        -4.031E1      135.59        -4.033E1      135.64        -9.99234      118.85         
 1602         -8.51158      103.79        -4.084E1      97.22         -4.084E1      97.07         -11.58988     70.21          
 1611.95      -8.19394      54.71         -4.068E1      56.77         -4.073E1      56.77         -10.68453     18.38          
 1621.9       -6.4075       15.14         -4.317E1      19.61         -4.326E1      19.49         -8.61148      -16.77         
 1631.85      -4.85682      -12.55        -4.20E1       -1.12         -4.197E1      -1.04         -7.19312      -40.73         
 1641.8       -4.12036      -33.42        -3.954E1      -39.51        -3.952E1      -39.42        -6.91616      -60.82         
 1651.75      -4.41643      -53.37        -3.878E1      -85.28        -3.87E1       -85.44        -8.11837      -80.53         
 1661.7       -6.28451      -76.76        -3.873E1      -128.42       -3.865E1      -128.50       -11.40786     -104.62        
 1671.65      -10.59681     -113.77       -3.851E1      -166.56       -3.847E1      -166.59       -17.61553     -151.56        
 1681.6       -13.70696     163.38        -3.793E1      148.94        -3.793E1      148.93        -16.10304     117.63         
 1691.55      -8.86683      106.77        -3.871E1      103.48        -3.87E1       103.83        -10.65883     80.81          
 1701.5       -5.83277      84.95         -3.975E1      62.33         -3.986E1      62.38         -8.17295      60.23          
 1711.45      -4.27119      70.99         -4.125E1      27.92         -4.123E1      28.46         -7.54626      43.32          
 1721.4       -3.69567      56.89         -4.121E1      8.45          -4.116E1      7.77          -8.51581      25.81          
 1731.35      -4.36783      37.76         -3.864E1      -29.74        -3.862E1      -29.80        -11.31906     4.22           
 1741.3       -6.90738      7.05          -3.759E1      -77.28        -3.753E1      -77.40        -16.26868     -36.20         
 1751.25      -10.87536     -46.05        -3.787E1      -116.88       -3.781E1      -116.55       -16.94446     -115.66        
 1761.2       -9.77125      -110.95       -3.671E1      -162.96       -3.665E1      -162.83       -12.39921     -156.76        
 1771.15      -6.68174      -144.45       -3.639E1      149.00        -3.643E1      148.67        -10.00186     -178.85        
 1781.1       -5.01119      -165.34       -3.752E1      95.20         -3.746E1      95.20         -9.82186      163.85         
 1791.05      -4.86684      176.41        -4.019E1      56.98         -4.016E1      57.01         -11.88466     146.05         
 1801         -6.65969      153.27        -4.207E1      29.02         -4.219E1      29.34         -18.13854     120.33         
 1810.95      -11.47396     111.34        -4.366E1      15.73         -4.377E1      15.48         -21.93879     -1.97          
 1820.9       -12.72643     25.65         -3.976E1      -17.93        -3.972E1      -17.28        -12.52715     -42.20         
 1830.85      -7.61416      -14.36        -3.845E1      -69.89        -3.844E1      -69.92        -8.52151      -57.15         
 1840.8       -4.46845      -29.68        -3.967E1      -100.90       -3.963E1      -100.94       -6.95347      -68.70         
 1850.75      -2.51917      -39.83        -3.732E1      -135.27       -3.719E1      -135.30       -7.21854      -77.38         
 1860.7       -1.51788      -51.96        -3.586E1      175.14        -3.579E1      175.36        -9.32163      -82.12         
 1870.65      -2.49337      -68.94        -3.584E1      130.05        -3.592E1      130.68        -14.07427     -76.00         
 1880.6       -7.49502      -86.18        -3.693E1      79.59         -3.701E1      80.15         -19.1656      -13.22         
 1890.55      -26.58949     72.62         -3.934E1      64.46         -3.948E1      65.64         -12.46631     28.02          
 1900.5       -4.62218      73.99         -3.587E1      43.47         -3.588E1      44.42         -8.89227      30.91          
 1910.45      2.83319       70.20         -3.219E1      4.92          -3.232E1      5.13          -7.55538      29.89          
 1920.4       9.29718       57.36         -2.775E1      -42.25        -2.778E1      -44.19        -7.57484      29.08          
 1930.35      13.36015      10.73         -2.391E1      -118.81       -2.374E1      -119.57       -8.90224      28.82          
 1940.3       8.06819       -25.80        -2.769E1      167.33        -2.746E1      167.90        -11.90478     34.10          
 1950.25      1.6195        -29.01        -3.152E1      126.40        -3.134E1      127.02        -16.66241     62.33          
 1960.2       -6.94591      -26.29        -3.39E1       102.86        -3.385E1      103.29        -15.55911     117.41         
 1970.15      -17.32675     153.52        -3.402E1      71.31         -3.402E1      71.94         -11.09164     136.92         
 1980.1       -2.95459      143.40        -3.527E1      44.00         -3.524E1      44.15         -8.73662      137.19         
 1990.05      1.23556       117.48        -3.28E1       -3.81         -3.274E1      -3.64         -8.6065       133.43         
 2000         0.31787       90.78         -3.474E1      -62.98        -3.472E1      -63.09        -10.6482      132.36         
