 10           0.00139       -35.68        -6.805E1      -120.39       -7.142E1      -111.80       -0.10178      -35.48         
 19.95        -0.06672      -71.61        -7.088E1      -57.60        -7.197E1      -39.17        -0.35257      -71.27         
 29.9         -0.17057      -107.40       -7.912E1      -129.90       -7.466E1      -161.85       -0.69652      -107.11        
 39.85        -0.28157      -142.93       -7.296E1      137.86        -6.948E1      142.62        -0.99958      -143.05        
 49.8         -0.38857      -178.12       -8.129E1      -0.06         -7.838E1      11.71         -1.18047      -178.86        
 59.75        -0.47947      146.83        -8.352E1      26.69         -8.029E1      -47.00        -1.19212      145.45         
 69.7         -0.53199      111.91        -8.059E1      -59.95        -8.559E1      -80.22        -1.04493      110.05         
 79.65        -0.5629       76.89         -8.177E1      129.04        -8.752E1      149.49        -0.84436      74.88          
 89.6         -0.58465      41.65         -7.668E1      70.06         -7.815E1      89.13         -0.69135      39.83          
 99.55        -0.58159      6.11          -8.57E1       -8.94         -8.074E1      -30.44        -0.63509      4.70           
 109.5        -0.58225      -29.61        -8.435E1      -141.05       -8.261E1      -81.77        -0.71527      -30.44         
 119.45       -0.59551      -65.60        -1.111E2      48.69         -9.551E1      116.58        -0.90553      -65.95         
 129.4        -0.62423      -101.48       -8.436E1      123.16        -8.891E1      26.16         -1.14037      -101.70        
 139.35       -0.67772      -137.04       -1.056E2      -120.48       -1.013E2      67.13         -1.35885      -137.66        
 149.3        -0.75329      -172.21       -8.425E1      35.26         -8.436E1      36.42         -1.50839      -173.65        
 159.25       -0.81463      153.07        -7.482E1      -80.83        -7.405E1      -76.14        -1.53877      150.69         
 169.2        -0.84599      118.67        -7.117E1      -159.15       -7.404E1      -156.38       -1.44597      115.62         
 179.15       -0.84065      84.25         -7.332E1      117.03        -7.039E1      94.59         -1.2662       81.07          
 189.1        -0.81199      49.59         -8.87E1       -144.73       -8.498E1      -158.36       -1.04693      46.90          
 199.05       -0.79677      14.44         -8.097E1      -26.33        -1.10E2       90.18         -0.87779      12.45          
 209          -0.81977      -21.30        -8.027E1      15.08         -1.023E2      -20.84        -0.85806      -22.64         
 218.95       -0.88687      -57.50        -8.759E1      130.98        -8.408E1      33.30         -1.02799      -58.47         
 228.9        -0.96538      -93.78        -8.86E1       137.49        -8.26E1       131.81        -1.32706      -94.74         
 238.85       -1.02226      -129.71       -9.061E1      -73.65        -8.011E1      13.70         -1.63089      -131.09        
 248.8        -1.03941      -165.05       -7.754E1      -113.37       -7.494E1      -85.62        -1.8017       -167.14        
 258.75       -1.01919      160.25        -7.842E1      156.65        -9.606E1      142.57        -1.76612      157.31         
 268.7        -0.99458      125.94        -7.537E1      46.69         -7.832E1      47.31         -1.56338      122.27         
 278.65       -1.00267      91.76         -7.905E1      -67.39        -7.925E1      -99.74        -1.31863      87.52          
 288.6        -1.01692      57.30         -7.681E1      117.58        -7.97E1       143.35        -1.12328      52.85          
 298.55       -1.04326      22.37         -7.693E1      3.13          -8.226E1      18.80         -1.05914      18.11          
 308.5        -1.0774       -13.30        -8.086E1      50.57         -8.173E1      -39.80        -1.14488      -16.88         
 318.45       -1.10687      -49.55        -1.007E2      140.01        -8.644E1      -37.31        -1.32577      -52.21         
 328.4        -1.15252      -86.06        -8.642E1      -78.39        -8.084E1      153.34        -1.56271      -87.95         
 338.35       -1.22181      -122.64       -8.999E1      82.48         -8.284E1      71.77         -1.8025       -124.39        
 348.3        -1.27175      -158.83       -8.441E1      -17.36        -8.60E1       23.31         -1.96736      -161.15        
 358.25       -1.29595      165.78        -8.60E1       1.94          -8.433E1      48.65         -2.03574      162.48         
 368.2        -1.27579      131.11        -8.60E1       -33.64        -9.423E1      80.62         -1.97939      127.01         
 378.15       -1.19935      97.12         -9.153E1      -79.50        -9.513E1      -60.59        -1.79289      92.72          
 388.1        -1.13357      63.39         -8.38E1       -173.40       -8.786E1      179.76        -1.55839      59.27          
 398.05       -1.11831      29.17         -8.514E1      14.07         -8.085E1      146.82        -1.35737      25.69          
 408          -1.16056      -5.92         -9.069E1      69.83         -8.083E1      -3.86         -1.26198      -8.78          
 417.95       -1.28603      -41.96        -8.345E1      -4.02         -8.503E1      21.80         -1.38872      -44.49         
 427.9        -1.43793      -78.79        -7.814E1      -34.06        -9.049E1      -8.90         -1.70579      -81.33         
 437.85       -1.52172      -115.70       -7.675E1      -56.38        -8.767E1      10.74         -2.05123      -118.64        
 447.8        -1.53951      -152.06       -9.298E1      -52.48        -8.593E1      -135.56       -2.27758      -155.67        
 457.75       -1.4989       172.38        -8.267E1      -32.59        -9.204E1      -103.80       -2.26159      168.00         
 467.7        -1.42193      137.63        -8.824E1      -110.33       -8.087E1      159.26        -2.01928      132.60         
 477.65       -1.37878      103.27        -8.235E1      76.00         -9.729E1      171.61        -1.70621      97.88          
 487.6        -1.37424      68.69         -8.019E1      42.80         -8.863E1      -4.64         -1.45208      63.31          
 497.55       -1.4063       33.67         -8.959E1      71.13         -8.609E1      79.66         -1.35341      28.81          
 507.5        -1.47729      -2.05         -8.805E1      -14.23        -9.016E1      -46.33        -1.44889      -5.85          
 517.45       -1.58363      -38.66        -8.736E1      -151.33       -8.731E1      21.41         -1.69201      -41.12         
 527.4        -1.711        -75.95        -9.648E1      -142.61       -8.466E1      -111.86       -2.00211      -77.40         
 537.35       -1.88285      -113.62       -8.038E1      -145.70       -8.373E1      116.05        -2.32695      -115.02        
 547.3        -2.06631      -151.19       -8.12E1       120.15        -8.035E1      82.46         -2.60637      -153.70        
 557.25       -2.23724      172.18        -7.891E1      74.20         -7.731E1      57.42         -2.80705      167.81         
 567.2        -2.38902      136.98        -6.947E1      -8.17         -6.939E1      0.32          -2.91865      130.79         
 577.15       -2.51946      103.28        -6.793E1      -91.18        -6.62E1       -99.43        -2.9558       95.92          
 587.1        -2.64397      70.75         -6.275E1      175.26        -6.30E1       175.51        -2.96141      63.06          
 597.05       -2.7961       38.51         -5.864E1      55.54         -6.012E1      56.13         -2.96977      31.32          
 607          -2.99697      5.60          -6.108E1      -70.19        -6.042E1      -71.39        -3.04049      -0.52          
 616.95       -3.24278      -28.83        -6.247E1      168.49        -6.27E1       166.50        -3.25353      -33.52         
 626.9        -3.48561      -65.00        -6.638E1      33.31         -6.607E1      29.14         -3.60977      -68.22         
 636.85       -3.6207       -102.30       -6.947E1      -123.73       -6.923E1      -118.15       -4.00686      -104.50        
 646.8        -3.58013      -139.60       -6.799E1      124.93        -6.826E1      126.33        -4.25666      -141.71        
 656.75       -3.38569      -175.82       -6.674E1      32.62         -6.582E1      31.77         -4.19314      -178.82        
 666.7        -3.13897      149.42        -6.769E1      -53.76        -6.678E1      -57.11        -3.84023      145.05         
 676.65       -2.93426      115.73        -6.895E1      -131.03       -6.781E1      -138.28       -3.3626       110.10         
 686.6        -2.81741      82.52         -6.857E1      125.71        -6.741E1      125.98        -2.93177      76.01          
 696.55       -2.80503      49.21         -6.754E1      -2.12         -6.849E1      4.05          -2.70903      42.50          
 706.5        -2.87542      15.24         -6.638E1      -118.17       -6.571E1      -117.16       -2.72561      9.22           
 716.45       -2.97988      -19.71        -6.58E1       124.40        -6.558E1      134.27        -2.9103       -24.32         
 726.4        -3.11186      -55.75        -6.422E1      16.77         -6.565E1      19.59         -3.20133      -58.89         
 736.35       -3.25285      -92.84        -6.355E1      -88.66        -6.351E1      -70.29        -3.52883      -95.33         
 746.3        -3.36023      -130.42       -6.223E1      -173.11       -6.227E1      -172.96       -3.80452      -133.75        
 756.25       -3.39512      -167.58       -6.264E1      95.07         -6.264E1      94.79         -3.97477      -173.07        
 766.2        -3.31789      156.34        -6.44E1       7.95          -6.381E1      3.55          -3.98133      148.40         
 776.15       -3.13416      121.87        -6.824E1      -88.55        -6.69E1       -88.52        -3.80702      112.23         
 786.1        -2.92571      88.78         -6.922E1      168.01        -6.938E1      168.25        -3.52843      78.57          
 796.05       -2.77219      56.23         -6.955E1      65.25         -6.853E1      55.54         -3.22686      46.40          
 806          -2.74567      23.27         -6.744E1      -35.93        -6.786E1      -37.21        -3.01719      14.33          
 815.95       -2.91917      -10.94        -6.78E1       -124.85       -6.655E1      -128.52       -3.04033      -18.90         
 825.9        -3.24866      -47.09        -6.788E1      145.37        -6.728E1      141.57        -3.37067      -54.07         
 835.85       -3.58319      -85.03        -6.764E1      47.72         -6.903E1      46.59         -3.9202       -91.08         
 845.8        -3.76096      -123.74       -6.762E1      -56.73        -6.73E1       -54.06        -4.44771      -129.40        
 855.75       -3.70357      -161.91       -6.60E1       -154.02       -6.594E1      -149.25       -4.63375      -168.20        
 865.7        -3.48863      161.63        -6.53E1       118.32        -6.54E1       126.38        -4.39025      153.97         
 875.65       -3.27539      127.03        -6.607E1      34.40         -6.513E1      30.15         -3.89393      117.80         
 885.6        -3.1437       93.64         -6.692E1      -56.40        -6.861E1      -67.18        -3.39913      83.15          
 895.55       -3.12647      60.76         -6.749E1      -148.48       -6.864E1      -158.25       -3.10952      49.68          
 905.5        -3.21649      27.53         -6.879E1      116.05        -6.594E1      115.16        -3.10028      16.91          
 915.45       -3.37297      -6.80         -6.615E1      16.16         -6.792E1      20.63         -3.31123      -15.78         
 925.4        -3.57364      -42.71        -6.923E1      -71.17        -6.844E1      -77.99        -3.66048      -49.43         
 935.35       -3.81516      -80.36        -7.134E1      -178.22       -6.727E1      179.06        -4.06018      -85.26         
 945.3        -4.04789      -119.41       -6.964E1      82.37         -6.844E1      81.19         -4.43953      -124.02        
 955.25       -4.18901      -158.63       -6.843E1      -3.29         -6.985E1      -15.63        -4.71574      -164.88        
 965.2        -4.15488      163.39        -6.978E1      -85.52        -6.928E1      -76.34        -4.79677      154.49         
 975.15       -3.9473       127.67        -6.935E1      -162.21       -6.88E1       -167.26       -4.6549       116.45         
 985.1        -3.66151      94.22         -6.964E1      123.69        -7.012E1      133.07        -4.35862      81.69          
 995.05       -3.42206      62.35         -6.929E1      31.00         -6.97E1       37.74         -4.01019      49.42          
 1005         -3.35315      30.79         -6.992E1      -43.92        -7.014E1      -46.18        -3.73846      18.11          
 1014.95      -3.54991      -1.79         -7.066E1      -149.33       -7.066E1      -112.69       -3.69333      -13.78         
 1024.9       -4.01987      -36.60        -6.766E1      145.20        -7.409E1      126.47        -3.99641      -47.26         
 1034.85      -4.64798      -74.48        -7.18E1       18.08         -7.005E1      18.90         -4.6529       -82.72         
 1044.8       -5.15182      -115.31       -7.092E1      -82.19        -6.843E1      -86.64        -5.43463      -120.42        
 1054.75      -5.24223      -157.05       -6.734E1      178.83        -6.911E1      -172.85       -5.92373      -159.95        
 1064.7       -4.94642      163.20        -6.743E1      100.36        -6.708E1      108.71        -5.8223       160.30         
 1074.65      -4.5358       126.66        -6.834E1      -1.86         -6.823E1      6.44          -5.24833      122.13         
 1084.6       -4.23161      92.98         -6.947E1      -78.61        -7.031E1      -77.73        -4.57538      86.22          
 1094.55      -4.12735      61.05         -6.971E1      179.10        -6.937E1      -178.95       -4.13989      52.31          
 1104.5       -4.1889       29.57         -7.088E1      75.71         -7.109E1      76.72         -4.05276      19.75          
 1114.45      -4.37454      -2.50         -7.066E1      -29.55        -6.852E1      -8.38         -4.25438      -12.15         
 1124.4       -4.66796      -36.16        -7.297E1      -112.31       -7.294E1      -112.34       -4.63017      -44.64         
 1134.35      -5.06752      -72.13        -7.111E1      161.37        -7.513E1      168.26        -5.07074      -79.28         
 1144.3       -5.52873      -110.59       -7.272E1      52.82         -7.122E1      61.20         -5.48593      -117.16        
 1154.25      -5.94037      -150.96       -7.358E1      -28.22        -7.26E1       -34.34        -5.82566      -157.94        
 1164.2       -6.08196      168.21        -7.481E1      -143.46       -7.811E1      -126.82       -6.00341      160.30         
 1174.15      -5.83802      129.23        -7.728E1      95.60         -7.362E1      120.55        -5.94421      120.52         
 1184.1       -5.3481       93.48         -7.446E1      44.62         -7.456E1      34.41         -5.66672      84.22          
 1194.05      -4.84452      60.71         -7.466E1      -39.97        -7.786E1      -40.05        -5.25571      51.06          
 1204         -4.54314      29.73         -7.926E1      -117.55       -7.304E1      -123.10       -4.86946      19.70          
 1213.95      -4.60885      -1.00         -7.954E1      151.34        -7.714E1      142.11        -4.71991      -11.51         
 1223.9       -5.09812      -33.17        -8.412E1      44.28         -8.012E1      44.42         -4.98901      -43.90         
 1233.85      -5.92828      -68.35        -8.988E1      -150.99       -8.634E1      -87.50        -5.74254      -78.24         
 1243.8       -6.80799      -107.96       -8.209E1      -136.57       -8.628E1      -152.31       -6.80761      -115.37        
 1253.75      -7.21179      -151.26       -8.074E1      128.91        -7.967E1      109.70        -7.66171      -155.90        
 1263.7       -6.90176      165.86        -7.668E1      35.56         -7.919E1      26.66         -7.71512      161.86         
 1273.65      -6.26339      126.88        -7.972E1      -31.66        -7.625E1      -23.64        -6.99598      121.67         
 1283.6       -5.73553      91.89         -9.068E1      6.41          -8.665E1      33.96         -6.08075      85.10          
 1293.55      -5.47768      59.58         -8.355E1      -8.58         -9.511E1      52.36         -5.46257      51.61          
 1303.5       -5.45679      28.33         -8.497E1      -47.93        -7.923E1      -67.34        -5.31903      20.08          
 1313.45      -5.59279      -3.16         -8.003E1      -134.33       -7.722E1      -86.38        -5.59409      -10.62         
 1323.4       -5.82634      -35.79        -9.408E1      -85.65        -8.303E1      -93.76        -6.12544      -42.09         
 1333.35      -6.18924      -70.21        -8.064E1      -160.04       -8.727E1      145.56        -6.7641       -76.21         
 1343.3       -6.71592      -106.86       -9.066E1      -44.46        -7.827E1      -86.54        -7.38384      -114.52        
 1353.25      -7.33837      -145.73       -8.945E1      79.60         -1.014E2      108.74        -7.85684      -156.83        
 1363.2       -7.79334      173.57        -9.412E1      153.04        -8.751E1      155.73        -8.07117      159.35         
 1373.15      -7.76678      132.91        -8.672E1      94.56         -8.78E1       157.32        -7.98469      117.60         
 1383.1       -7.23359      94.92         -8.784E1      38.31         -8.087E1      50.41         -7.62681      79.96          
 1393.05      -6.52863      60.67         -8.289E1      -18.24        -8.80E1       8.61          -7.11893      46.26          
 1403         -6.02295      29.25         -8.486E1      -53.00        -8.962E1      0.97          -6.6513       14.94          
 1412.95      -5.95173      -0.77         -8.781E1      -143.56       -8.525E1      -152.61       -6.4531       -15.67         
 1422.9       -6.42292      -31.04        -8.847E1      128.79        -8.867E1      173.77        -6.77615      -46.87         
 1432.85      -7.42411      -63.53        -8.462E1      144.80        -8.998E1      102.51        -7.7734       -79.73         
 1442.8       -8.70964      -100.95       -8.343E1      143.03        -9.822E1      47.16         -9.33081      -116.09        
 1452.75      -9.63393      -144.68       -7.974E1      99.85         -9.144E1      38.94         -10.80754     -158.56        
 1462.7       -9.50905      169.30        -8.966E1      38.04         -8.63E1       47.61         -11.0481      154.15         
 1472.65      -8.63638      127.95        -8.686E1      20.62         -8.207E1      17.71         -9.86496      110.51         
 1482.6       -7.82167      92.59         -8.781E1      -9.52         -8.129E1      -7.52         -8.42044      74.00          
 1492.55      -7.40789      61.14         -8.62E1       -81.15        -8.422E1      -34.53        -7.51169      42.39          
 1502.5       -7.37968      31.26         -8.693E1      -61.56        -1.006E2      69.88         -7.31508      13.57          
 1512.45      -7.6575       0.99          -8.954E1      -48.04        -8.98E1       -26.02        -7.76607      -14.10         
 1522.4       -8.15015      -31.23        -9.201E1      66.72         -9.277E1      -58.40        -8.72087      -42.87         
 1532.35      -8.80213      -66.17        -8.533E1      58.17         -8.895E1      -155.61       -10.02031     -75.67         
 1542.3       -9.6003       -103.90       -8.926E1      78.91         -1.122E2      -63.92        -11.41151     -115.50        
 1552.25      -10.47676     -144.16       -8.944E1      102.83        -9.895E1      42.29         -12.39259     -162.74        
 1562.2       -11.12323     173.27        -8.417E1      22.83         -9.375E1      13.06         -12.49303     147.90         
 1572.15      -11.15618     129.87        -9.652E1      -76.34        -9.805E1      150.23        -11.95356     103.19         
 1582.1       -10.43944     88.80         -8.649E1      34.73         -8.781E1      58.58         -11.19304     64.74          
 1592.05      -9.38466      52.47         -9.358E1      -26.17        -9.319E1      34.09         -10.39151     31.16          
 1602         -8.53254      20.51         -9.587E1      -115.90       -9.349E1      -7.44         -9.71116      0.57           
 1611.95      -8.22821      -8.41         -8.736E1      -158.74       -8.533E1      -149.07       -9.41101      -28.38         
 1621.9       -8.60633      -35.94        -8.853E1      -178.80       -8.99E1       -177.03       -9.77769      -56.65         
 1631.85      -9.77602      -64.13        -8.286E1      140.25        -8.393E1      107.05        -11.10625     -85.11         
 1641.8       -11.83712     -97.02        -8.193E1      80.37         -8.441E1      122.04        -13.63923     -116.31        
 1651.75      -14.33774     -142.49       -8.261E1      48.65         -9.685E1      101.35        -17.34372     -159.82        
 1661.7       -14.74699     158.09        -8.41E1       25.49         -9.343E1      38.32         -18.63001     130.69         
 1671.65      -12.55839     109.25        -8.552E1      -25.75        -9.046E1      17.30         -14.99888     75.82          
 1681.6       -10.59483     75.34         -8.60E1       -44.40        -8.603E1      -81.60        -11.93404     42.31          
 1691.55      -9.60258      48.43         -8.672E1      17.06         -8.79E1       -84.85        -10.38473     16.30          
 1701.5       -9.46906      23.70         -8.064E1      120.72        -8.267E1      -129.93       -10.10386     -6.56          
 1711.45      -10.09269     -2.29         -9.508E1      -130.31       -9.055E1      -101.92       -10.87402     -28.50         
 1721.4       -11.45292     -32.88        -7.759E1      100.73        -8.86E1       83.35         -12.64057     -52.65         
 1731.35      -13.31985     -71.56        -8.676E1      19.69         -8.486E1      74.19         -15.45572     -84.65         
 1741.3       -14.6758      -119.35       -8.552E1      120.40        -9.16E1       116.31        -18.53734     -134.87        
 1751.25      -14.63047     -167.71       -8.297E1      109.98        -8.671E1      136.30        -18.70324     161.45         
 1761.2       -13.9203      150.30        -1.02E2       145.59        -8.47E1       96.38         -16.94114     111.99         
 1771.15      -13.30089     111.83        -9.352E1      59.60         -8.964E1      130.09        -15.86444     73.63          
 1781.1       -12.7614      72.68         -8.859E1      -107.66       -8.483E1      70.81         -15.41711     37.58          
 1791.05      -12.05503     32.78         -8.345E1      153.02        -8.55E1       20.27         -14.89173     0.32           
 1801         -11.20055     -4.50         -8.407E1      101.16        -9.526E1      151.68        -13.85768     -36.57         
 1810.95      -10.56007     -36.64        -8.952E1      -41.37        -9.399E1      -105.64       -12.78237     -69.76         
 1820.9       -10.45889     -64.69        -8.469E1      151.07        -9.30E1       45.51         -12.48364     -98.57         
 1830.85      -11.16463     -91.79        -8.652E1      -65.47        -8.389E1      179.06        -13.5287      -124.45        
 1840.8       -13.23475     -123.05       -9.065E1      173.66        -8.512E1      -137.08       -16.50189     -151.91        
 1850.75      -17.40426     -172.42       -9.763E1      -86.88        -8.55E1       -122.75       -22.61978     157.50         
 1860.7       -17.643       96.05         -8.40E1       179.53        -7.855E1      168.13        -20.21737     53.67          
 1870.65      -12.071       47.68         -8.555E1      179.60        -8.104E1      -154.24       -13.75621     11.36          
 1880.6       -8.52983      20.20         -8.581E1      116.61        -8.194E1      156.47        -10.62304     -15.08         
 1890.55      -6.38116      -3.58         -7.293E1      -11.87        -8.736E1      -153.22       -9.61406      -35.91         
 1900.5       -5.60798      -28.51        -6.831E1      1.95          -7.12E1       120.46        -10.23937     -52.83         
 1910.45      -6.6406       -54.45        -7.823E1      -54.86        -7.485E1      -14.81        -12.77849     -68.22         
 1920.4       -9.91461      -80.31        -7.079E1      -27.41        -7.599E1      4.42          -19.78213     -87.51         
 1930.35      -17.4059      -119.27       -7.626E1      35.48         -7.713E1      135.48        -25.08421     99.60          
 1940.3       -16.78228     106.85        -6.927E1      53.26         -7.287E1      174.07        -14.58152     71.29          
 1950.25      -8.28081      62.33         -7.588E1      43.37         -7.417E1      140.25        -11.77127     53.77          
 1960.2       -5.10011      30.34         -7.323E1      78.19         -7.735E1      108.16        -11.27372     38.81          
 1970.15      -4.77263      5.04          -6.968E1      34.75         -7.903E1      80.25         -12.03192     24.05          
 1980.1       -5.62452      -14.16        -7.99E1       87.40         -7.507E1      80.92         -14.12946     6.12           
 1990.05      -6.9362       -32.79        -7.286E1      92.74         -7.421E1      69.20         -18.94637     -23.85         
 2000         -8.91838      -57.30        -7.369E1      48.10         -7.789E1      45.79         -24.00699     -123.62        
