 10           -0.01412      -36.90        -6.591E1      75.93         -6.301E1      65.43         -0.04274      -37.37         
 19.95        -0.08626      -74.11        -4.78E1       29.53         -4.758E1      28.28         -0.10431      -74.15         
 29.9         -0.24351      -112.23       -3.201E1      -16.11        -3.198E1      -18.03        -0.34837      -112.05        
 39.85        -0.5001       -142.46       -2.548E1      126.43        -2.545E1      124.93        -0.37955      -144.81        
 49.8         -0.6132       179.32        -3.05E1       50.94         -3.042E1      49.21         -0.57618      176.82         
 59.75        -0.66668      144.38        -3.523E1      -47.29        -3.517E1      -49.14        -0.69076      141.04         
 69.7         -0.64298      108.06        -3.983E1      -56.39        -3.984E1      -58.09        -0.69532      103.37         
 79.65        -0.68977      72.31         -3.126E1      -161.24       -3.121E1      -162.91       -0.9839       68.58          
 89.6         -0.71531      34.95         -2.846E1      122.33        -2.841E1      120.58        -1.09775      29.71          
 99.55        -1.19677      -3.22         -2.361E1      6.35          -2.355E1      4.71          -2.58651      3.55           
 109.5        -1.68957      -35.53        -2.448E1      -96.02        -2.446E1      -97.29        -1.22387      -31.63         
 119.45       -1.64579      -69.91        -2.634E1      168.48        -2.631E1      166.75        -0.98351      -70.44         
 129.4        -1.25789      -105.68       -3.036E1      90.43         -3.033E1      88.75         -1.01818      -108.15        
 139.35       -1.24142      -143.75       -3.235E1      26.36         -3.226E1      24.77         -1.02717      -145.14        
 149.3        -1.423        179.75        -3.363E1      -30.81        -3.357E1      -32.56        -1.046        176.74         
 159.25       -1.7675       143.73        -3.062E1      -94.99        -3.057E1      -96.72        -1.31733      138.77         
 169.2        -2.33192      109.64        -2.677E1      178.36        -2.674E1      176.41        -1.87278      99.69          
 179.15       -2.84023      78.87         -2.459E1      59.68         -2.45E1       57.96         -4.01901      72.57          
 189.1        -2.50438      46.86         -2.845E1      -49.66        -2.84E1       -51.38        -1.80558      42.59          
 199.05       -2.53767      11.22         -3.063E1      -151.50       -3.06E1       -153.25       -1.41937      3.22           
 209          -2.00976      -26.18        -3.364E1      137.62        -3.361E1      135.82        -1.30828      -36.28         
 218.95       -1.89534      -65.99        -3.072E1      54.26         -3.066E1      52.30         -1.50884      -76.77         
 228.9        -2.02197      -107.02       -3.052E1      -20.39        -3.047E1      -22.13        -2.03024      -117.70        
 238.85       -2.29527      -146.45       -3.041E1      -83.32        -3.038E1      -84.97        -2.80382      -157.68        
 248.8        -2.92958      175.68        -2.507E1      -140.61       -2.502E1      -142.30       -3.90034      163.45         
 258.75       -3.67526      140.68        -2.142E1      134.12        -2.138E1      132.39        -5.82326      132.21         
 268.7        -4.49443      107.71        -1.99E1       43.93         -1.986E1      42.23         -5.35582      113.11         
 278.65       -5.07282      79.48         -2.036E1      -35.58        -2.033E1      -37.37        -3.73898      74.52          
 288.6        -4.99427      51.17         -2.041E1      -105.74       -2.037E1      -107.53       -3.77623      31.07          
 298.55       -4.43221      17.20         -2.081E1      178.50        -2.076E1      176.73        -4.54459      -9.72          
 308.5        -4.15823      -23.61        -2.083E1      108.66        -2.08E1       106.88        -5.70153      -51.99         
 318.45       -4.77829      -69.64        -2.105E1      28.95         -2.101E1      27.14         -7.56351      -92.70         
 328.4        -6.77432      -114.74       -2.248E1      -51.72        -2.245E1      -53.50        -10.03053     -129.23        
 338.35       -9.77794      -146.88       -2.389E1      -138.23       -2.385E1      -140.02       -11.90539     -164.45        
 348.3        -10.15372     -164.85       -2.582E1      122.30        -2.578E1      120.56        -14.19338     164.00         
 358.25       -9.21547      169.32        -2.847E1      27.26         -2.843E1      25.47         -17.09162     134.46         
 368.2        -7.68166      138.05        -2.943E1      -70.28        -2.938E1      -72.03        -23.36416     122.74         
 378.15       -7.58456      97.54         -2.965E1      -160.27       -2.961E1      -162.00       -18.57528     166.72         
 388.1        -9.14497      62.54         -2.88E1       113.85        -2.876E1      112.08        -12.13496     135.63         
 398.05       -12.1758      38.30         -2.93E1       19.58         -2.928E1      17.78         -9.01922      96.87          
 408          -13.4552      37.16         -3.256E1      -68.43        -3.253E1      -70.00        -7.2875       58.60          
 417.95       -10.20439     19.69         -3.907E1      -135.41       -3.902E1      -137.91       -6.15297      19.74          
 427.9        -8.37124      -16.47        -3.832E1      170.88        -3.825E1      169.25        -5.4411       -19.07         
 437.85       -7.11473      -56.82        -3.984E1      65.75         -3.982E1      64.53         -5.04674      -59.28         
 447.8        -6.20302      -98.12        -4.326E1      -55.21        -4.322E1      -56.57        -4.89114      -99.50         
 457.75       -5.36436      -139.81       -4.627E1      -158.43       -4.611E1      -160.48       -5.10325      -137.28        
 467.7        -4.77157      179.06        -4.809E1      132.67        -4.791E1      131.45        -4.73316      -172.26        
 477.65       -4.54824      141.52        -4.381E1      72.74         -4.381E1      70.95         -4.1219       151.80         
 487.6        -4.34323      107.17        -4.189E1      10.06         -4.188E1      8.02          -3.55925      115.04         
 497.55       -4.17948      73.98         -4.026E1      -64.84        -4.02E1       -66.71        -3.2259       78.64          
 507.5        -4.12154      41.78         -3.922E1      -139.55       -3.916E1      -141.24       -3.03132      42.99          
 517.45       -3.94354      8.74          -4.011E1      140.89        -4.002E1      138.80        -2.95841      7.54           
 527.4        -3.87773      -26.44        -4.332E1      65.53         -4.326E1      63.40         -2.95076      -28.18         
 537.35       -3.82745      -63.75        -4.553E1      -2.36         -4.553E1      -2.99         -2.92963      -64.48         
 547.3        -3.77343      -102.63       -4.817E1      -73.86        -4.833E1      -75.27        -2.85821      -102.00        
 557.25       -3.63258      -141.42       -4.985E1      -153.86       -5.001E1      -156.03       -2.76546      -140.38        
 567.2        -3.35708      -178.89       -5.117E1      114.52        -5.077E1      113.36        -2.71651      -178.67        
 577.15       -3.04711      145.60        -5.112E1      21.90         -5.091E1      19.65         -2.71307      144.25         
 587.1        -2.7422       111.85        -5.113E1      -67.14        -5.098E1      -68.45        -2.71975      108.73         
 597.05       -2.51138      79.06         -5.045E1      -159.23       -5.028E1      -158.68       -2.69183      74.53          
 607          -2.39247      46.28         -5.09E1       111.62        -5.122E1      110.36        -2.61754      40.80          
 616.95       -2.38248      12.61         -5.244E1      27.52         -5.226E1      25.15         -2.54648      6.71           
 626.9        -2.49505      -22.67        -5.444E1      -56.28        -5.461E1      -56.36        -2.5409       -28.36         
 636.85       -2.6788       -59.62        -5.724E1      -137.72       -5.701E1      -137.87       -2.61745      -64.58         
 646.8        -2.85475      -97.85        -6.259E1      143.24        -6.318E1      141.70        -2.76605      -101.63        
 656.75       -2.92136      -136.37       -7.219E1      80.75         -7.184E1      82.65         -2.88302      -138.82        
 666.7        -2.83477      -173.95       -7.714E1      41.25         -7.757E1      31.48         -2.84553      -175.49        
 676.65       -2.63757      149.99        -8.039E1      1.57          -8.331E1      0.37          -2.65845      148.55         
 686.6        -2.40567      115.52        -7.548E1      -98.29        -7.654E1      -108.90       -2.42049      113.19         
 696.55       -2.21503      82.25         -7.201E1      145.61        -7.005E1      150.11        -2.25733      78.40          
 706.5        -2.12911      49.47         -6.593E1      37.61         -6.573E1      32.36         -2.25001      44.10          
 716.45       -2.15594      16.28         -6.259E1      -60.43        -6.224E1      -64.98        -2.36447      9.99           
 726.4        -2.29377      -18.09        -6.121E1      -150.42       -6.043E1      -152.77       -2.50498      -24.28         
 736.35       -2.51908      -54.27        -5.987E1      122.42        -5.909E1      108.62        -2.60342      -59.45         
 746.3        -2.75244      -92.39        -5.972E1      18.96         -5.952E1      17.41         -2.63324      -96.11         
 756.25       -2.88774      -131.50       -5.949E1      -81.05        -5.968E1      -82.43        -2.6385       -134.07        
 766.2        -2.88192      -170.25       -5.998E1      179.07        -5.987E1      179.14        -2.69839      -172.50        
 776.15       -2.73111      152.60        -6.066E1      80.98         -6.08E1       78.65         -2.79686      149.90         
 786.1        -2.52777      117.57        -6.172E1      -15.23        -6.11E1       -15.78        -2.86954      114.22         
 796.05       -2.35892      84.21         -6.107E1      -108.97       -6.152E1      -106.33       -2.86853      80.45          
 806          -2.26322      51.64         -6.113E1      165.48        -6.076E1      163.11        -2.79076      47.68          
 815.95       -2.28358      19.03         -6.105E1      75.44         -6.102E1      75.37         -2.69855      14.83          
 825.9        -2.43755      -14.64        -6.206E1      -10.00        -6.163E1      -12.89        -2.72521      -19.25         
 835.85       -2.69003      -50.10        -6.308E1      -103.57       -6.199E1      -106.02       -2.91998      -55.01         
 845.8        -2.97121      -87.37        -6.312E1      159.67        -6.228E1      160.46        -3.23619      -92.02         
 855.75       -3.19566      -126.03       -6.32E1       70.74         -6.247E1      63.57         -3.50527      -129.63        
 865.7        -3.26027      -164.88       -6.373E1      -11.72        -6.316E1      -16.98        -3.55561      -167.01        
 875.65       -3.17274      157.56        -6.441E1      -83.77        -6.396E1      -86.44        -3.37013      156.50         
 885.6        -2.99515      121.92        -6.611E1      -166.58       -6.447E1      -171.32       -3.08936      120.93         
 895.55       -2.80598      88.21         -6.954E1      86.73         -6.889E1      80.28         -2.87715      86.22          
 905.5        -2.67776      55.77         -6.781E1      -49.04        -7.055E1      -53.07        -2.84677      52.37          
 915.45       -2.66237      23.56         -6.613E1      -141.74       -6.396E1      -145.18       -2.98605      19.26          
 925.4        -2.77999      -9.31         -6.21E1       132.15        -6.158E1      135.82        -3.19925      -13.60         
 935.35       -3.04392      -43.64        -6.07E1       53.49         -6.229E1      56.57         -3.39938      -47.17         
 945.3        -3.40304      -79.95        -6.093E1      -27.57        -6.146E1      -27.54        -3.54458      -82.70         
 955.25       -3.73573      -117.92       -6.151E1      -114.23       -6.138E1      -115.64       -3.66285      -120.82        
 965.2        -3.9056       -156.37       -6.19E1       150.79        -6.22E1       145.80        -3.80242      -160.79        
 975.15       -3.86012      166.21        -6.338E1      63.72         -6.356E1      64.41         -3.94727      159.47         
 985.1        -3.67386      130.84        -6.303E1      -26.78        -6.276E1      -32.07        -4.04632      122.00         
 995.05       -3.46139      97.49         -6.446E1      -105.59       -6.399E1      -110.07       -4.0552       87.39          
 1005         -3.32493      65.54         -6.463E1      -179.91       -6.427E1      173.00        -3.98991      54.87          
 1014.95      -3.31952      33.86         -6.655E1      105.81        -6.617E1      87.94         -3.93451      23.05          
 1024.9       -3.47819      1.35          -7.754E1      71.91         -7.314E1      32.14         -4.00135      -9.47          
 1034.85      -3.80691      -32.99        -8.542E1      -76.35        -7.76E1       -102.32       -4.28284      -43.41         
 1044.8       -4.27325      -69.74        -7.019E1      66.77         -7.489E1      62.21         -4.77866      -78.86         
 1054.75      -4.73842      -108.91       -6.558E1      0.78          -6.59E1       12.43         -5.33881      -115.59        
 1064.7       -5.01015      -149.27       -6.343E1      -52.39        -6.496E1      -50.51        -5.71384      -153.08        
 1074.65      -4.98464      171.21        -6.246E1      -130.23       -6.243E1      -132.94       -5.76336      169.32         
 1084.6       -4.7313       134.05        -6.527E1      151.42        -6.574E1      141.24        -5.53036      132.36         
 1094.55      -4.42316      99.71         -6.743E1      79.30         -6.972E1      84.94         -5.21043      96.83          
 1104.5       -4.21465      67.49         -7.074E1      11.53         -7.168E1      1.21          -5.01055      63.07          
 1114.45      -4.18269      36.42         -7.524E1      -75.51        -7.529E1      -66.97        -4.99847      31.10          
 1124.4       -4.37004      5.38          -8.29E1       79.10         -8.484E1      101.50        -5.13043      0.46           
 1134.35      -4.79955      -26.63        -7.075E1      -30.94        -6.926E1      -3.67         -5.34352      -29.93         
 1144.3       -5.39557      -60.69        -6.804E1      -102.34       -6.791E1      -98.66        -5.562        -61.67         
 1154.25      -6.01107      -97.40        -6.791E1      -164.03       -6.706E1      -168.48       -5.74679      -95.90         
 1164.2       -6.43621      -136.36       -6.993E1      131.95        -6.874E1      137.27        -5.90436      -132.88        
 1174.15      -6.44539      -175.61       -7.895E1      91.96         -8.07E1       168.38        -6.01677      -171.53        
 1184.1       -6.07714      147.06        -7.324E1      143.25        -7.161E1      123.77        -6.03815      150.32         
 1194.05      -5.57763      112.77        -6.727E1      99.74         -6.653E1      91.32         -5.92825      114.39         
 1204         -5.15528      81.20         -6.362E1      23.88         -6.437E1      22.51         -5.67335      80.86          
 1213.95      -4.89223      51.65         -6.505E1      -43.11        -6.479E1      -44.44        -5.33752      49.00          
 1223.9       -4.82481      22.60         -6.473E1      -104.98       -6.49E1       -104.19       -5.03998      17.48          
 1233.85      -4.96912      -7.15         -6.422E1      -175.15       -6.418E1      -171.66       -4.91815      -14.75         
 1243.8       -5.30116      -38.74        -6.777E1      107.80        -6.629E1      108.96        -5.08639      -48.24         
 1253.75      -5.75879      -73.19        -7.031E1      24.54         -6.939E1      18.19         -5.53202      -83.02         
 1263.7       -6.19157      -110.99       -7.575E1      -19.46        -7.565E1      -47.96        -6.04626      -119.37        
 1273.65      -6.32804      -151.09       -8.267E1      160.36        -7.689E1      171.41        -6.30288      -157.31        
 1283.6       -6.05873      168.96        -7.202E1      52.56         -7.325E1      88.66         -6.10317      163.95         
 1293.55      -5.49786      131.49        -7.382E1      -21.60        -7.518E1      -31.04        -5.55812      125.88         
 1303.5       -4.86175      97.20         -7.701E1      -62.61        -7.742E1      -71.79        -4.99621      89.61          
 1313.45      -4.33425      65.52         -7.70E1       -118.01       -7.953E1      -81.81        -4.6804       55.78          
 1323.4       -3.99436      35.19         -9.293E1      -141.46       -8.487E1      -110.91       -4.64463      24.18          
 1333.35      -3.88402      4.92          -7.707E1      -107.62       -8.331E1      -116.96       -4.75073      -6.18          
 1343.3       -4.02481      -26.66        -7.749E1      -151.15       -7.678E1      -105.14       -4.84312      -37.00         
 1353.25      -4.41068      -60.86        -7.057E1      139.60        -7.319E1      142.65        -4.82899      -70.11         
 1363.2       -4.93306      -98.68        -7.116E1      82.18         -7.09E1       94.97         -4.72758      -107.02        
 1373.15      -5.33265      -139.80       -7.044E1      23.17         -7.032E1      15.23         -4.67354      -147.63        
 1383.1       -5.33812      178.06        -7.202E1      -52.69        -7.45E1       -55.11        -4.76381      170.44         
 1393.05      -4.93425      138.16        -7.301E1      -114.56       -7.265E1      -112.46       -4.86262      130.32         
 1403         -4.36714      102.06        -7.676E1      -145.71       -7.323E1      -160.08       -4.75051      93.66          
 1412.95      -3.87416      69.19         -7.841E1      -174.29       -7.558E1      174.63        -4.38795      59.95          
 1422.9       -3.557        38.29         -7.383E1      113.44        -7.632E1      124.87        -3.90912      27.64          
 1432.85      -3.44673      8.03          -8.131E1      109.01        -7.703E1      76.22         -3.55674      -4.74          
 1442.8       -3.55483      -22.91        -9.327E1      39.39         -7.713E1      32.50         -3.60337      -38.05         
 1452.75      -3.87929      -55.77        -8.854E1      156.11        -9.249E1      -146.21       -4.14532      -72.35         
 1462.7       -4.35709      -91.48        -8.834E1      124.30        -8.653E1      78.76         -4.96168      -107.71        
 1472.65      -4.85565      -130.48       -7.80E1       79.90         -8.227E1      50.11         -5.65304      -144.90        
 1482.6       -5.13296      -171.86       -7.868E1      32.47         -7.883E1      32.21         -5.82379      175.80         
 1492.55      -5.0064       147.15        -7.611E1      -16.29        -7.688E1      -12.86        -5.41706      135.82         
 1502.5       -4.56307      109.17        -7.992E1      -56.17        -7.617E1      -108.09       -4.84936      97.30          
 1512.45      -4.02232      74.90         -8.655E1      -164.38       -8.822E1      -106.03       -4.56402      61.62          
 1522.4       -3.56929      43.62         -8.236E1      176.81        -8.349E1      160.31        -4.63735      29.48          
 1532.35      -3.31816      13.78         -8.072E1      70.18         -8.574E1      -42.18        -4.89223      -0.10          
 1542.3       -3.32826      -16.36        -9.141E1      -103.69       -8.264E1      -109.09       -5.10197      -29.17         
 1552.25      -3.63554      -48.19        -8.188E1      -174.60       -8.319E1      -169.14       -5.1229       -60.03         
 1562.2       -4.2072       -83.08        -7.666E1      62.62         -8.125E1      53.68         -4.962        -94.80         
 1572.15      -4.87627      -121.82       -7.814E1      -20.94        -7.657E1      -3.65         -4.82981      -134.64        
 1582.1       -5.30447      -163.59       -7.333E1      -57.81        -7.648E1      -56.55        -4.96573      -177.75        
 1592.05      -5.26379      154.54        -7.176E1      -128.66       -7.288E1      -128.32       -5.27202      139.91         
 1602         -4.85992      115.34        -7.19E1       -156.01       -7.126E1      -161.35       -5.349        100.91         
 1611.95      -4.37262      79.74         -7.166E1      164.84        -7.121E1      168.66        -4.98305      65.53          
 1621.9       -3.99646      46.80         -7.526E1      120.72        -7.437E1      120.59        -4.32695      32.32          
 1631.85      -3.80084      15.27         -7.482E1      140.71        -7.383E1      122.13        -3.73996      -0.61          
 1641.8       -3.80905      -15.93        -7.062E1      95.60         -7.159E1      85.46         -3.60532      -33.92         
 1651.75      -4.03077      -47.78        -7.067E1      34.06         -7.245E1      12.69         -4.12532      -67.02         
 1661.7       -4.46459      -81.58        -7.00E1       -12.22        -7.099E1      -36.48        -5.14492      -99.71         
 1671.65      -5.05405      -118.19       -6.882E1      -75.37        -6.972E1      -96.79        -6.25787      -133.50        
 1681.6       -5.6187       -158.14       -7.034E1      -144.22       -6.912E1      -153.16       -7.01317      -170.85        
 1691.55      -5.83363      159.86        -7.108E1      149.41        -6.766E1      151.64        -7.04361      147.62         
 1701.5       -5.50173      119.05        -6.543E1      109.38        -6.783E1      113.36        -6.49189      105.27         
 1711.45      -4.82097      82.33         -6.819E1      52.31         -6.799E1      55.15         -6.04857      66.53          
 1721.4       -4.11211      49.90         -6.789E1      29.07         -6.969E1      13.38         -6.09294      33.45          
 1731.35      -3.60012      20.39         -6.882E1      -9.37         -7.168E1      -13.65        -6.48237      4.98           
 1741.3       -3.43053      -8.17         -7.116E1      -62.01        -6.817E1      -57.93        -6.95433      -21.88         
 1751.25      -3.7046       -37.68        -6.892E1      -110.77       -6.841E1      -86.39        -7.27716      -50.52         
 1761.2       -4.44391      -69.91        -7.211E1      -153.79       -7.319E1      -130.79       -7.31603      -83.74         
 1771.15      -5.53403      -106.43       -7.056E1      -148.47       -7.156E1      -152.32       -7.14443      -122.71        
 1781.1       -6.48803      -147.98       -7.135E1      165.27        -7.044E1      154.38        -7.1377       -165.21        
 1791.05      -6.678        168.23        -7.54E1       153.06        -7.646E1      165.11        -7.50829      153.45         
 1801         -6.14899      127.56        -7.552E1      111.78        -7.411E1      118.66        -8.00066      115.66         
 1810.95      -5.54339      91.70         -8.181E1      -93.47        -8.659E1      -171.95       -8.22359      79.72          
 1820.9       -5.2848       59.21         -7.129E1      -179.18       -7.331E1      -173.89       -7.90031      43.37          
 1830.85      -5.49429      28.27         -6.832E1      171.99        -6.863E1      171.34        -7.16436      6.20           
 1840.8       -6.05977      -2.40         -6.50E1       112.19        -6.482E1      114.38        -6.65018      -30.23         
 1850.75      -6.70127      -33.91        -6.732E1      41.65         -7.012E1      36.10         -6.8952       -63.39         
 1860.7       -7.12768      -66.62        -7.394E1      -22.32        -8.101E1      -78.16        -7.8565       -91.83         
 1870.65      -7.22153      -99.84        -7.557E1      2.40          -7.298E1      -82.96        -9.32228      -117.61        
 1880.6       -7.1317       -132.96       -7.437E1      -15.11        -7.469E1      -72.06        -11.2808      -145.43        
 1890.55      -7.1354       -166.22       -7.08E1       -12.90        -7.267E1      -79.18        -13.68103     175.88         
 1900.5       -7.44007      158.53        -6.588E1      -33.84        -7.797E1      -2.21         -14.65183     118.24         
 1910.45      -7.85392      117.80        -7.108E1      -20.16        -7.081E1      -83.41        -12.48403     66.22          
 1920.4       -7.70331      69.81         -6.235E1      -39.54        -6.288E1      -72.73        -10.57123     34.81          
 1930.35      -6.63136      21.23         -6.649E1      -68.73        -6.435E1      -115.94       -9.95156      15.30          
 1940.3       -5.47544      -19.01        -7.987E1      -110.76       -6.321E1      -133.53       -10.26663     0.70           
 1950.25      -4.89115      -48.84        -7.958E1      -115.11       -6.722E1      -172.37       -11.23364     -14.00         
 1960.2       -4.85268      -71.19        -8.057E1      104.75        -7.479E1      168.45        -12.86312     -33.68         
 1970.15      -5.24222      -90.15        -7.441E1      23.88         -8.67E1       153.25        -15.46738     -66.07         
 1980.1       -6.21886      -110.21       -8.001E1      -83.19        -8.146E1      -97.76        -18.03333     -124.93        
 1990.05      -8.28104      -135.80       -7.705E1      179.28        -8.294E1      -146.92       -16.22123     169.94         
 2000         -11.84729     -174.87       -6.835E1      141.48        -6.759E1      145.41        -13.3564      132.66         
