 10           -0.03335      -36.31        -6.79E1       -116.46       -7.205E1      -110.52       -0.06117      -35.56         
 19.95        -0.11681      -72.19        -7.255E1      -24.36        -7.407E1      -9.29         -0.26556      -71.36         
 29.9         -0.2529       -107.96       -7.732E1      -107.87       -7.55E1       -134.74       -0.55391      -107.25        
 39.85        -0.40582      -143.54       -8.503E1      -162.23       -7.29E1       173.42        -0.82188      -143.23        
 49.8         -0.55113      -178.83       -8.924E1      87.20         -8.537E1      63.09         -0.99302      -179.05        
 59.75        -0.64389      146.06        -8.143E1      11.48         -7.879E1      -49.96        -1.02873      145.30         
 69.7         -0.66174      111.16        -8.239E1      -50.71        -8.675E1      -84.59        -0.9216       109.96         
 79.65        -0.6273       76.27         -8.945E1      149.20        -1.021E2      89.46         -0.7551       74.84          
 89.6         -0.58531      41.18         -7.743E1      80.54         -7.907E1      87.26         -0.62385      39.78          
 99.55        -0.54882      5.72          -7.881E1      -18.53        -7.929E1      -29.80        -0.57458      4.61           
 109.5        -0.56832      -30.05        -8.018E1      -125.44       -8.124E1      -63.52        -0.64834      -30.67         
 119.45       -0.64797      -66.18        -8.447E1      113.94        -9.322E1      145.90        -0.82472      -66.33         
 129.4        -0.75702      -102.24       -8.874E1      176.10        -8.902E1      -51.58        -1.03676      -102.20        
 139.35       -0.86797      -137.96       -8.343E1      133.96        -8.427E1      106.85        -1.22529      -138.23        
 149.3        -0.95034      -173.22       -9.27E1       -8.66         -8.725E1      5.14          -1.34824      -174.17        
 159.25       -0.97857      152.06        -7.961E1      -91.18        -8.088E1      -73.84        -1.37161      150.32         
 169.2        -0.97107      117.72        -7.31E1       -164.95       -7.59E1       -165.84       -1.29594      115.47         
 179.15       -0.9134       83.43         -7.578E1      122.59        -7.341E1      97.18         -1.15277      81.14          
 189.1        -0.83473      48.93         -8.405E1      174.55        -8.075E1      174.78        -0.97755      47.06          
 199.05       -0.79537      13.86         -8.003E1      -9.90         -8.709E1      2.18          -0.8433       12.61          
 209          -0.82002      -21.88        -8.132E1      31.53         -9.088E1      -63.04        -0.8271       -22.57         
 218.95       -0.92343      -58.16        -8.47E1       120.17        -8.548E1      42.93         -0.96746      -58.60         
 228.9        -1.06393      -94.57        -9.286E1      99.43         -9.051E1      54.04         -1.21986      -95.08         
 238.85       -1.20375      -130.72       -7.867E1      -125.23       -8.745E1      -84.44        -1.48339      -131.57        
 248.8        -1.27729      -166.19       -8.586E1      -54.90        -7.851E1      -61.81        -1.64008      -167.69        
 258.75       -1.30434      158.97        -7.984E1      156.17        -8.365E1      -110.96       -1.61823      156.77         
 268.7        -1.23069      124.81        -9.824E1      138.56        -8.698E1      149.33        -1.44328      121.81         
 278.65       -1.14379      90.74         -7.847E1      51.13         -8.412E1      90.33         -1.22184      87.14          
 288.6        -1.04532      56.50         -9.565E1      45.22         -8.208E1      -84.46        -1.0369       52.61          
 298.55       -0.99135      21.81         -7.996E1      -8.35         -1.032E2      -58.07        -0.97584      18.03          
 308.5        -1.01939      -13.67        -7.763E1      55.86         -8.25E1       -39.70        -1.06145      -16.84         
 318.45       -1.12949      -49.92        -8.928E1      82.14         -9.224E1      52.86         -1.2439       -52.24         
 328.4        -1.30081      -86.65        -8.412E1      -8.42         -8.90E1       92.32         -1.47894      -88.24         
 338.35       -1.49855      -123.52       -8.767E1      -87.93        -8.567E1      40.09         -1.70777      -125.06        
 348.3        -1.6045       -159.98       -8.729E1      -80.55        -9.12E1       110.84        -1.84576      -162.10        
 358.25       -1.63212      164.56        -1.023E2      -46.38        -8.464E1      83.87         -1.88293      161.50         
 368.2        -1.51933      129.98        -8.596E1      -13.07        -9.088E1      -7.02         -1.8166       126.26         
 378.15       -1.32002      96.17         -8.06E1       -164.19       -8.446E1      -168.51       -1.65257      92.35          
 388.1        -1.18743      62.62         -8.468E1      144.25        -8.747E1      111.92        -1.46038      59.23          
 398.05       -1.13067      28.44         -8.214E1      6.11          -8.44E1       117.90        -1.30138      25.78          
 408          -1.15826      -6.72         -1.002E2      124.59        -8.088E1      -2.72         -1.2282       -8.73          
 417.95       -1.30075      -42.83        -8.955E1      29.52         -8.419E1      61.12         -1.33211      -44.59         
 427.9        -1.50869      -79.75        -7.661E1      -18.43        -8.443E1      20.58         -1.60196      -81.70         
 437.85       -1.68391      -116.70       -7.805E1      -41.87        -9.284E1      -106.98       -1.90763      -119.14        
 447.8        -1.78172      -153.17       -8.537E1      -69.74        -9.624E1      -139.89       -2.11452      -156.17        
 457.75       -1.78074      171.05        -8.263E1      -35.67        -8.506E1      -118.09       -2.11152      167.54         
 467.7        -1.69947      136.16        -8.66E1       -102.59       -8.482E1      154.54        -1.90191      132.14         
 477.65       -1.55156      101.88        -8.313E1      76.18         -8.743E1      148.39        -1.61743      97.41          
 487.6        -1.42628      67.59         -7.807E1      43.28         -8.593E1      -5.60         -1.3771       62.88          
 497.55       -1.34824      32.98         -9.10E1       31.82         -8.842E1      102.83        -1.27955      28.48          
 507.5        -1.38171      -2.41         -8.596E1      -17.85        -8.834E1      -72.25        -1.37088      -6.10          
 517.45       -1.5494       -38.96        -9.011E1      -97.50        -8.308E1      30.22         -1.615        -41.38         
 527.4        -1.8023       -76.55        -9.537E1      118.56        -8.771E1      -151.84       -1.93038      -77.83         
 537.35       -2.10333      -114.69       -8.519E1      -112.28       -9.002E1      139.40        -2.25448      -115.73        
 547.3        -2.32291      -152.61       -9.534E1      160.28        -8.59E1       12.82         -2.51446      -154.62        
 557.25       -2.50098      170.72        -7.801E1      166.41        -7.978E1      175.85        -2.68244      166.90         
 567.2        -2.54802      135.57        -7.412E1      34.59         -7.236E1      46.21         -2.77537      130.13         
 577.15       -2.59486      101.96        -7.462E1      -91.10        -7.187E1      -96.14        -2.81797      95.68          
 587.1        -2.68527      69.50         -6.942E1      85.56         -7.017E1      74.73         -2.83068      63.13          
 597.05       -2.81419      37.38         -6.817E1      -66.95        -6.601E1      -87.09        -2.85037      31.43          
 607          -3.00655      4.64          -6.562E1      128.42        -6.624E1      135.96        -2.93541      -0.58          
 616.95       -3.26576      -29.53        -6.567E1      -35.09        -6.462E1      -33.60        -3.15827      -33.80         
 626.9        -3.56278      -65.52        -6.296E1      169.81        -6.355E1      167.73        -3.49797      -68.69         
 636.85       -3.80625      -102.84       -6.47E1       26.74         -6.463E1      25.21         -3.85454      -105.23        
 646.8        -3.89712      -140.45       -6.99E1       -130.56       -6.921E1      -129.00       -4.07642      -142.87        
 656.75       -3.77726      -177.21       -7.221E1      62.08         -7.139E1      57.06         -4.03346      179.63         
 666.7        -3.57005      147.71        -7.226E1      -96.24        -7.15E1       -92.54        -3.72448      143.44         
 676.65       -3.23542      113.93        -7.259E1      98.01         -7.107E1      110.44        -3.2657       108.73         
 686.6        -2.93722      81.06         -6.985E1      -50.09        -7.077E1      -46.89        -2.83294      75.05          
 696.55       -2.76129      48.32         -6.906E1      -178.86       -6.815E1      174.02        -2.59282      41.93          
 706.5        -2.74244      14.88         -6.974E1      41.48         -7.074E1      41.27         -2.6057       8.86           
 716.45       -2.89046      -19.81        -7.224E1      -85.32        -7.092E1      -97.48        -2.82001      -24.70         
 726.4        -3.16239      -55.98        -7.699E1      73.71         -7.78E1       99.71         -3.1574       -59.52         
 736.35       -3.4777       -93.50        -7.116E1      -91.51        -6.976E1      -45.38        -3.52006      -96.45         
 746.3        -3.6645       -131.71       -6.925E1      179.42        -6.989E1      175.93        -3.79443      -135.44        
 756.25       -3.67736      -169.34       -7.633E1      90.77         -7.659E1      79.45         -3.92451      -175.08        
 766.2        -3.50067      154.46        -7.676E1      103.15        -7.733E1      101.78        -3.88663      146.47         
 776.15       -3.22304      120.13        -7.254E1      26.89         -7.192E1      15.47         -3.70508      110.67         
 786.1        -2.94689      87.34         -7.413E1      -77.79        -7.385E1      -81.24        -3.45554      77.46          
 796.05       -2.75613      55.12         -8.23E1       -179.76       -8.128E1      -168.09       -3.20439      45.70          
 806          -2.71975      22.44         -9.146E1      -22.52        -9.004E1      124.47        -3.03616      13.94          
 815.95       -2.88855      -11.57        -8.924E1      -28.62        -8.272E1      -26.69        -3.06754      -19.14         
 825.9        -3.23692      -47.73        -7.92E1       -66.71        -8.31E1       -61.32        -3.38492      -54.44         
 835.85       -3.63018      -85.99        -7.754E1      -160.85       -7.397E1      -156.38       -3.92003      -91.83         
 845.8        -3.88275      -125.26       -7.915E1      128.45        -7.727E1      143.89        -4.4459       -130.58        
 855.75       -3.90555      -163.93       -9.02E1       69.86         -8.638E1      18.93         -4.63845      -169.68        
 865.7        -3.7153       159.31        -8.503E1      89.93         -8.592E1      -157.35       -4.39628      152.49         
 875.65       -3.4511       124.76        -7.956E1      40.69         -8.847E1      11.74         -3.88464      116.60         
 885.6        -3.21252      91.71         -9.532E1      -51.16        -7.921E1      -169.39       -3.36445      82.42          
 895.55       -3.04948      59.30         -9.099E1      -6.41         -8.32E1       97.21         -3.0432       49.45          
 905.5        -3.04292      26.54         -8.326E1      -80.91        -7.899E1      151.65        -3.01335      17.06          
 915.45       -3.20447      -7.46         -8.227E1      32.77         -8.095E1      142.86        -3.24005      -15.45         
 925.4        -3.52884      -43.32        -8.083E1      3.31          -9.06E1       37.56         -3.63952      -49.20         
 935.35       -3.9715       -81.31        -8.042E1      8.97          -8.002E1      123.20        -4.10281      -85.48         
 945.3        -4.35744      -121.19       -8.016E1      -15.43        -8.869E1      35.62         -4.51002      -125.01        
 955.25       -4.52369      -161.24       -8.016E1      -79.66        -7.875E1      -105.76       -4.74112      -166.59        
 965.2        -4.37799      160.25        -8.523E1      -160.81       -8.74E1       -106.26       -4.72811      152.58         
 975.15       -4.03995      124.76        -8.862E1      171.62        -8.309E1      153.30        -4.5163       114.95         
 985.1        -3.64903      91.96         -9.86E1       -37.23        -8.201E1      -176.66       -4.20725      80.91          
 995.05       -3.3701       60.87         -8.676E1      -10.34        -8.841E1      46.67         -3.8872       49.31          
 1005         -3.32219      29.92         -8.749E1      161.35        -8.448E1      -15.54        -3.65288      18.41          
 1014.95      -3.5634       -2.46         -9.299E1      -16.04        -8.09E1       -8.32         -3.63419      -13.47         
 1024.9       -4.08197      -37.54        -7.442E1      -169.80       -8.411E1      -110.03       -3.94344      -47.36         
 1034.85      -4.77019      -75.98        -8.368E1      172.98        -8.981E1      -142.33       -4.58972      -83.53         
 1044.8       -5.32945      -117.49       -9.14E1       110.05        -8.239E1      -91.87        -5.34913      -121.91        
 1054.75      -5.5118       -159.58       -8.154E1      -0.07         -9.15E1       -43.35        -5.80889      -161.76        
 1064.7       -5.25052      160.50        -7.96E1       66.87         -8.39E1       124.70        -5.69317      158.59         
 1074.65      -4.80581      123.98        -8.082E1      0.52          -8.296E1      149.36        -5.11333      120.70         
 1084.6       -4.37396      90.48         -8.103E1      -21.13        -9.042E1      16.74         -4.42265      85.07          
 1094.55      -4.08827      58.80         -8.967E1      -162.93       -7.854E1      -146.95       -3.95452      51.37          
 1104.5       -3.99741      27.78         -9.902E1      171.08        -8.83E1       -28.32        -3.83953      18.96          
 1114.45      -4.13749      -3.65         -8.906E1      -111.54       -8.501E1      67.53         -4.04503      -12.81         
 1124.4       -4.54872      -36.61        -8.891E1      73.55         -8.482E1      0.98          -4.47225      -45.25         
 1134.35      -5.21811      -72.28        -8.177E1      -97.07        -8.342E1      -20.11        -5.00923      -80.13         
 1144.3       -5.97735      -111.56       -8.114E1      -152.67       -7.772E1      -138.67       -5.51681      -118.82        
 1154.25      -6.48648      -153.89       -8.369E1      152.43        -8.553E1      153.06        -5.86748      -160.78        
 1164.2       -6.41169      163.72        -7.814E1      90.45         -7.952E1      99.92         -5.94264      156.67         
 1174.15      -5.86828      124.86        -7.881E1      26.05         -7.60E1       60.85         -5.74953      117.14         
 1184.1       -5.20721      90.46         -7.726E1      8.28          -7.894E1      -17.15        -5.41069      81.84          
 1194.05      -4.6928       59.18         -8.278E1      -89.44        -7.876E1      -89.32        -5.02897      49.76          
 1204         -4.47924      29.20         -8.634E1      -145.29       -7.517E1      -122.61       -4.72639      19.09          
 1213.95      -4.64908      -1.23         -7.961E1      163.37        -8.726E1      125.69        -4.6708       -12.09         
 1223.9       -5.24247      -33.97        -9.033E1      -163.68       -8.897E1      123.32        -5.0212       -45.12         
 1233.85      -6.14677      -70.35        -8.234E1      137.32        -9.008E1      -169.24       -5.82464      -80.57         
 1243.8       -7.04097      -111.29       -7.926E1      -123.75       -8.384E1      110.70        -6.87484      -118.80        
 1253.75      -7.45095      -155.09       -8.473E1      157.93        -8.437E1      135.88        -7.6403       -159.77        
 1263.7       -7.13646      162.40        -7.804E1      74.98         -7.788E1      73.33         -7.62028      158.45         
 1273.65      -6.49094      123.84        -8.076E1      24.62         -7.616E1      8.05          -6.8981       118.93         
 1283.6       -5.86719      89.05         -8.15E1       -22.28        -7.989E1      -20.10        -5.99511      82.67          
 1293.55      -5.46491      56.67         -8.893E1      -62.90        -9.218E1      6.80          -5.36736      49.24          
 1303.5       -5.31869      25.60         -9.282E1      -20.96        -8.444E1      -113.74       -5.20243      17.75          
 1313.45      -5.4049       -5.41         -8.365E1      -169.95       -8.369E1      -86.13        -5.47266      -12.69         
 1323.4       -5.72911      -37.18        -8.452E1      28.43         -9.276E1      -169.53       -6.05253      -43.73         
 1333.35      -6.32552      -70.86        -8.258E1      -116.22       -8.429E1      25.84         -6.82444      -77.62         
 1343.3       -7.17128      -107.81       -8.525E1      -88.16        -7.601E1      -90.43        -7.64125      -116.58        
 1353.25      -7.99687      -148.88       -8.434E1      169.78        -8.441E1      -163.87       -8.22768      -160.78        
 1363.2       -8.30826      167.44        -7.893E1      116.98        -7.868E1      125.28        -8.31263      153.55         
 1373.15      -7.88359      125.75        -8.152E1      58.83         -8.108E1      58.23         -7.95767      111.71         
 1383.1       -7.04018      89.33         -8.378E1      5.91          -7.969E1      31.39         -7.42023      75.55          
 1393.05      -6.24144      57.66         -8.588E1      -15.45        -8.696E1      -30.49        -6.89752      43.69          
 1403         -5.81615      28.54         -8.573E1      -62.36        -1.037E2      -13.95        -6.54027      13.66          
 1412.95      -5.92495      -0.28         -8.709E1      -138.44       -1.089E2      9.89          -6.51346      -16.62         
 1422.9       -6.67006      -30.85        -9.638E1      149.55        -9.051E1      -156.07       -7.02922      -48.49         
 1432.85      -8.01854      -65.36        -8.393E1      140.21        -9.723E1      126.97        -8.1927       -82.81         
 1442.8       -9.52862      -106.51       -8.942E1      119.95        -8.523E1      -14.69        -9.79736      -121.03        
 1452.75      -10.13745     -153.36       -8.523E1      122.62        -9.393E1      83.32         -11.09866     -164.81        
 1462.7       -9.50313      162.05        -9.115E1      89.83         -9.367E1      73.14         -11.09292     148.53         
 1472.65      -8.50201      123.91        -9.198E1      12.99         -8.212E1      17.88         -9.87233      106.22         
 1482.6       -7.83165      90.48         -9.904E1      6.24          -9.071E1      31.67         -8.48728      70.25          
 1492.55      -7.66916      59.04         -9.116E1      41.84         -8.68E1       24.60         -7.61703      38.70          
 1502.5       -7.86107      27.93         -8.704E1      -16.93        -8.611E1      58.14         -7.43288      9.97           
 1512.45      -8.20626      -3.85         -8.15E1       31.01         -8.832E1      15.73         -7.89731      -17.29         
 1522.4       -8.55772      -36.74        -8.679E1      67.97         -8.602E1      79.83         -8.92102      -45.29         
 1532.35      -8.98107      -70.66        -8.049E1      41.24         -8.751E1      108.55        -10.44362     -77.24         
 1542.3       -9.75144      -106.05       -8.987E1      33.44         -8.908E1      -12.21        -12.29586     -117.39        
 1552.25      -11.09562     -144.74       -8.639E1      103.86        -9.555E1      163.43        -13.66445     -168.29        
 1562.2       -12.58038     170.27        -8.205E1      54.93         -8.451E1      83.21         -13.43584     138.24         
 1572.15      -12.74725     120.31        -8.569E1      17.50         -8.21E1       8.85          -12.26887     93.79          
 1582.1       -11.15016     76.94         -9.194E1      22.82         -8.676E1      54.93         -11.1469      58.29          
 1592.05      -9.25843      44.04         -8.891E1      -25.36        -9.082E1      175.30        -10.31088     27.96          
 1602         -8.02094      17.31         -9.753E1      99.74         -9.071E1      156.42        -9.81715      -0.24          
 1611.95      -7.78292      -6.99         -8.792E1      -146.16       -8.357E1      -117.47       -9.81429      -28.07         
 1621.9       -8.73004      -30.50        -8.815E1      -158.96       -9.07E1       173.60        -10.52464     -56.36         
 1631.85      -11.11368     -55.47        -8.285E1      164.29        -8.862E1      104.77        -12.19618     -85.83         
 1641.8       -15.40553     -90.21        -8.732E1      92.76         -8.627E1      116.76        -15.03134     -119.28        
 1651.75      -18.91636     -163.31       -8.39E1       29.76         -1.052E2      -68.69        -18.73457     -167.52        
 1661.7       -14.45165     133.26        -8.001E1      11.05         -8.963E1      7.20          -18.9876      122.05         
 1671.65      -10.9632      102.02        -8.28E1       -36.94        -8.848E1      -38.06        -15.25502     71.42          
 1681.6       -9.52856      79.54         -8.458E1      -35.98        -8.307E1      -20.69        -12.34736     38.87          
 1691.55      -9.57889      60.19         -7.569E1      20.49         -8.575E1      18.52         -10.83786     12.85          
 1701.5       -10.81744     40.87         -7.917E1      36.91         -7.967E1      -30.50        -10.5146      -10.05         
 1711.45      -13.25604     16.05         -8.085E1      -47.49        -7.706E1      -24.97        -11.18822     -31.62         
 1721.4       -16.61503     -27.18        -8.08E1       40.41         -7.979E1      0.13          -12.83996     -54.48         
 1731.35      -16.75726     -93.00        -7.848E1      -24.93        -7.774E1      -8.72         -15.67884     -83.39         
 1741.3       -13.8114      -139.12       -7.979E1      -13.40        -8.196E1      -7.79         -19.67601     -129.58        
 1751.25      -12.26858     -167.71       -7.919E1      8.07          -7.79E1       -37.66        -21.04512     157.53         
 1761.2       -12.37872     169.09        -8.093E1      -48.38        -8.086E1      -48.52        -18.27488     100.49         
 1771.15      -13.99996     142.81        -8.725E1      -81.78        -7.991E1      -51.36        -16.15564     62.42          
 1781.1       -16.75737     97.34         -9.581E1      -3.36         -8.663E1      179.96        -14.97155     30.12          
 1791.05      -15.83107     32.03         -9.076E1      162.55        -9.534E1      174.66        -14.21014     -1.37          
 1801         -11.71691     -14.83        -9.418E1      76.09         -9.211E1      28.17         -13.58707     -33.49         
 1810.95      -9.21026      -40.52        -8.688E1      57.41         -8.488E1      152.66        -13.2483      -65.64         
 1820.9       -8.31462      -57.80        -8.198E1      109.54        -8.614E1      80.30         -13.62346     -96.68         
 1830.85      -8.75128      -72.23        -9.27E1       47.67         -8.306E1      156.33        -15.13781     -126.93        
 1840.8       -11.25522     -87.27        -8.655E1      -11.22        -9.173E1      -82.62        -18.21238     -161.92        
 1850.75      -20.59801     -101.60       -8.771E1      157.47        -8.485E1      -152.24       -22.13737     136.33         
 1860.7       -16.86731     51.93         -7.886E1      -163.47       -7.974E1      159.17        -18.88664     57.43          
 1870.65      -8.54467      39.82         -8.576E1      -161.39       -9.109E1      -87.64        -14.05478     14.39          
 1880.6       -4.63536      28.76         -8.651E1      -136.75       -8.213E1      -129.41       -11.42018     -15.68         
 1890.55      -2.09709      16.44         -7.258E1      -29.38        -7.762E1      -132.54       -10.57745     -39.47         
 1900.5       -0.93438      -0.71         -6.70E1       -25.03        -7.505E1      136.57        -11.15941     -58.86         
 1910.45      -2.45385      -20.13        -7.217E1      -94.69        -8.517E1      -18.53        -13.40274     -76.93         
 1920.4       -8.22026      -27.56        -6.982E1      -60.93        -7.734E1      -124.84       -19.25278     -101.39        
 1930.35      -15.82767     58.92         -7.815E1      40.19         -7.359E1      -179.35       -27.30543     122.08         
 1940.3       -4.62966      94.46         -7.216E1      64.63         -6.902E1      -142.86       -16.37759     69.46          
 1950.25      1.20134       83.43         -8.315E1      24.85         -7.151E1      -146.68       -13.22617     48.57          
 1960.2       3.29253       54.50         -6.979E1      112.46        -7.061E1      171.93        -12.41154     32.14          
 1970.15      0.99987       27.60         -7.316E1      73.11         -7.295E1      127.89        -12.69438     16.25          
 1980.1       -3.06177      11.24         -7.787E1      110.38        -7.519E1      101.43        -13.96479     -2.74          
 1990.05      -8.28693      -7.96         -7.319E1      108.20        -7.624E1      64.11         -16.99474     -30.26         
 2000         -15.32182     -70.40        -7.653E1      51.47         -7.787E1      64.12         -22.89409     -88.23         
