 10           -0.05688      -36.62        -6.75E1       72.07         -6.451E1      67.99         -0.03221      -36.85         
 19.95        -0.27672      -73.32        -4.001E1      -78.50        -4.007E1      -77.77        -0.25021      -73.23         
 29.9         -0.4465       -110.02       -5.265E1      150.85        -5.229E1      152.71        -0.21976      -109.51        
 39.85        -0.61486      -146.91       -5.15E1       97.64         -5.117E1      99.60         -0.32338      -145.83        
 49.8         -0.71686      176.56        -5.68E1       -16.97        -5.666E1      -17.13        -0.41886      178.74         
 59.75        -0.74892      140.15        -6.004E1      -87.38        -5.907E1      -86.56        -0.49094      143.15         
 69.7         -0.72948      104.04        -5.832E1      -153.55       -5.796E1      -154.73       -0.5457       107.32         
 79.65        -0.71194      67.98         -5.047E1      143.72        -5.055E1      144.12        -0.65468      71.49          
 89.6         -0.72077      31.84         -4.551E1      48.58         -4.558E1      49.38         -0.80347      35.16          
 99.55        -0.71643      -4.37         -4.506E1      -61.40        -4.507E1      -61.24        -0.80358      -0.84          
 109.5        -0.76025      -40.90        -4.699E1      -142.53       -4.708E1      -141.48       -0.7725       -37.67         
 119.45       -0.85928      -77.67        -4.826E1      140.97        -4.826E1      141.54        -0.7999       -74.74         
 129.4        -1.0002       -114.61       -4.929E1      80.41         -4.931E1      79.84         -0.82691      -111.55        
 139.35       -1.17466      -151.62       -5.23E1       34.05         -5.206E1      34.77         -0.84888      -148.05        
 149.3        -1.33971      171.51        -4.943E1      -20.29        -4.943E1      -19.45        -0.93984      175.21         
 159.25       -1.40251      135.10        -4.724E1      -80.07        -4.715E1      -79.35        -1.16719      138.76         
 169.2        -1.38652      99.25         -4.504E1      -123.92       -4.513E1      -123.43       -1.45088      102.44         
 179.15       -1.33536      63.83         -3.995E1      144.70        -3.998E1      144.69        -2.01505      67.80          
 189.1        -1.26975      28.64         -4.272E1      94.18         -4.274E1      95.01         -1.71964      34.40          
 199.05       -1.32721      -7.49         -3.769E1      12.88         -3.77E1       13.65         -1.72153      -3.77          
 209          -1.52042      -44.32        -3.63E1       -56.89        -3.632E1      -56.63        -1.88097      -41.88         
 218.95       -1.773        -82.21        -3.35E1       -142.61       -3.353E1      -142.09       -2.21348      -80.56         
 228.9        -2.06789      -120.61       -3.219E1      135.71        -3.222E1      136.16        -2.82443      -118.25        
 238.85       -2.29376      -158.09       -3.235E1      47.87         -3.233E1      48.28         -3.47787      -154.16        
 248.8        -2.33713      165.61        -3.296E1      -26.74        -3.293E1      -26.31        -4.08746      171.12         
 258.75       -2.35408      130.03        -3.273E1      -114.75       -3.271E1      -114.17       -4.84847      141.83         
 268.7        -2.36246      95.26         -3.769E1      163.66        -3.766E1      164.19        -4.4507       112.28         
 278.65       -2.3494       59.86         -4.289E1      106.73        -4.283E1      107.73        -4.02566      75.99          
 288.6        -2.39185      23.65         -4.727E1      63.15         -4.74E1       63.95         -4.3691       37.10          
 298.55       -2.48557      -13.40        -4.71E1       112.11        -4.701E1      112.85        -5.15761      1.57           
 308.5        -2.62364      -51.21        -3.698E1      29.06         -3.702E1      29.57         -5.46528      -31.61         
 318.45       -2.78247      -89.63        -3.261E1      -63.28        -3.26E1       -62.56        -5.21574      -65.87         
 328.4        -3.01557      -128.77       -3.162E1      -154.30       -3.161E1      -153.95       -4.87653      -102.62        
 338.35       -3.23492      -168.41       -3.151E1      121.61        -3.151E1      122.10        -4.7516       -140.55        
 348.3        -3.40367      152.24        -3.183E1      40.67         -3.182E1      41.25         -5.09979      -177.06        
 358.25       -3.47789      113.94        -3.262E1      -36.41        -3.262E1      -35.84        -5.14932      150.19         
 368.2        -3.47358      76.85         -3.311E1      -110.39       -3.311E1      -109.78       -4.98662      114.55         
 378.15       -3.46119      40.33         -3.298E1      177.42        -3.298E1      178.14        -5.16648      77.17          
 388.1        -3.71003      2.03          -3.203E1      96.20         -3.201E1      96.74         -5.74629      39.97          
 398.05       -4.37279      -38.36        -3.222E1      3.61          -3.226E1      4.37          -6.38511      3.62           
 408          -5.21308      -81.26        -3.34E1       -90.98        -3.34E1       -90.29        -6.77526      -34.79         
 417.95       -5.96025      -127.77       -3.446E1      179.09        -3.443E1      179.69        -7.19393      -75.99         
 427.9        -6.55023      -174.68       -3.367E1      83.30         -3.365E1      83.85         -7.74257      -120.09        
 437.85       -6.90924      141.14        -3.418E1      -21.03        -3.417E1      -20.29        -8.58406      -163.83        
 447.8        -7.30754      98.30         -3.625E1      -114.11       -3.629E1      -113.61       -9.74333      154.71         
 457.75       -8.25985      55.46         -3.698E1      162.86        -3.694E1      163.60        -11.33496     117.84         
 467.7        -9.75153      10.48         -3.753E1      81.07         -3.754E1      81.72         -13.00347     84.41          
 477.65       -11.41955     -39.98        -3.677E1      -5.22         -3.681E1      -4.69         -15.48796     49.06          
 487.6        -12.58125     -98.77        -3.792E1      -101.57       -3.795E1      -101.16       -20.19862     10.74          
 497.55       -12.66972     -160.15       -4.141E1      172.84        -4.147E1      173.47        -32.30715     -48.91         
 507.5        -11.80963     144.99        -4.843E1      64.53         -4.841E1      65.37         -25.45881     141.15         
 517.45       -10.511       95.73         -4.688E1      -167.74       -4.687E1      -167.46       -18.30268     94.88          
 527.4        -9.44237      49.40         -3.946E1      90.76         -3.945E1      91.45         -14.98288     51.48          
 537.35       -8.93136      6.37          -3.566E1      1.85          -3.568E1      2.55          -12.84561     8.17           
 547.3        -8.68751      -35.04        -3.391E1      -87.67        -3.395E1      -87.25        -11.20329     -36.32         
 557.25       -8.59861      -78.24        -3.366E1      -174.77       -3.367E1      -174.40       -9.85605      -80.35         
 567.2        -8.44891      -124.37       -3.425E1      102.62        -3.423E1      103.44        -8.59824      -123.07        
 577.15       -7.85807      -170.98       -3.503E1      24.76         -3.50E1       25.60         -7.461        -164.21        
 587.1        -6.87161      145.89        -3.58E1       -49.97        -3.577E1      -49.23        -6.51176      156.58         
 597.05       -5.77929      107.39        -3.641E1      -124.01       -3.641E1      -123.09       -5.76087      119.27         
 607          -4.91993      71.88         -3.712E1      162.32        -3.716E1      162.96        -5.1567       83.19          
 616.95       -4.4338       36.93         -3.791E1      89.24         -3.793E1      89.68         -4.7044       47.12          
 626.9        -4.33619      0.55          -3.899E1      15.30         -3.90E1       16.13         -4.40841      10.15          
 636.85       -4.51146      -38.46        -4.065E1      -56.15        -4.059E1      -55.46        -4.21301      -28.45         
 646.8        -4.70931      -79.98        -4.212E1      -122.39       -4.213E1      -121.87       -4.10068      -68.49         
 656.75       -4.65682      -122.08       -4.307E1      170.57        -4.314E1      170.89        -3.98804      -108.56        
 666.7        -4.30123      -162.56       -4.40E1       100.19        -4.404E1      101.07        -3.732        -147.39        
 676.65       -3.82131      159.23        -4.549E1      29.35         -4.553E1      30.15         -3.32963      175.23         
 686.6        -3.39255      122.46        -4.729E1      -39.33        -4.742E1      -38.63        -2.92248      138.75         
 696.55       -3.08694      86.31         -4.923E1      -103.98       -4.921E1      -104.44       -2.62926      102.73         
 706.5        -2.90479      50.34         -5.122E1      -166.77       -5.116E1      -166.41       -2.52379      66.94          
 716.45       -2.78364      14.34         -5.301E1      135.17        -5.306E1      136.30        -2.56507      31.06          
 726.4        -2.70895      -21.99        -5.376E1      78.14         -5.39E1       79.65         -2.63271      -5.22          
 736.35       -2.73955      -59.32        -5.442E1      15.17         -5.357E1      18.99         -2.64326      -42.44         
 746.3        -2.91883      -98.51        -5.461E1      -50.38        -5.476E1      -49.61        -2.57433      -81.14         
 756.25       -3.18388      -139.47       -5.554E1      -116.35       -5.556E1      -115.74       -2.47789      -121.06        
 766.2        -3.33478      179.01        -5.662E1      174.69        -5.654E1      176.51        -2.4717       -161.07        
 776.15       -3.16795      139.25        -5.766E1      106.62        -5.784E1      108.10        -2.54387      160.27         
 786.1        -2.75263      102.73        -5.952E1      39.13         -5.932E1      40.55         -2.61393      123.92         
 796.05       -2.29563      68.75         -6.109E1      -30.45        -6.043E1      -27.44        -2.63422      89.54          
 806          -1.99035      35.47         -6.268E1      -97.12        -6.217E1      -99.69        -2.59417      55.86          
 815.95       -2.02084      1.00          -6.541E1      -171.53       -6.51E1       -168.36       -2.55141      21.55          
 825.9        -2.44184      -36.17        -6.903E1      106.47        -6.863E1      113.09        -2.63928      -14.58         
 835.85       -3.05285      -76.30        -7.193E1      29.27         -7.541E1      6.68          -2.89029      -52.77         
 845.8        -3.49195      -118.06       -7.591E1      -75.29        -7.40E1       -79.25        -3.22272      -92.13         
 855.75       -3.51862      -159.22       -7.39E1       -145.86       -7.561E1      -144.47       -3.45206      -131.51        
 865.7        -3.26983      161.94        -7.333E1      136.25        -7.30E1       150.34        -3.44424      -169.85        
 875.65       -3.02908      125.12        -7.157E1      96.30         -7.191E1      98.66         -3.25022      153.28         
 885.6        -2.96599      89.18         -6.841E1      45.98         -6.973E1      60.45         -3.04243      117.53         
 895.55       -3.07116      53.39         -6.638E1      -10.76        -6.519E1      -2.04         -2.97066      82.52          
 905.5        -3.27458      17.32         -6.412E1      -79.32        -6.518E1      -83.96        -3.11743      47.93          
 915.45       -3.47721      -19.25        -6.434E1      -143.48       -6.269E1      -145.99       -3.43808      13.30          
 925.4        -3.72724      -56.66        -6.259E1      142.17        -6.156E1      142.53        -3.82274      -22.12         
 935.35       -4.16206      -95.64        -6.082E1      70.77         -6.089E1      79.18         -4.1745       -59.36         
 945.3        -4.82587      -136.73       -5.993E1      -0.73         -6.056E1      2.70          -4.46447      -99.11         
 955.25       -5.48213      -179.59       -5.939E1      -68.93        -5.912E1      -69.81        -4.72652      -140.90        
 965.2        -5.72029      137.88        -5.808E1      -135.76       -5.822E1      -133.88       -5.01252      177.13         
 975.15       -5.44742      98.52         -5.653E1      164.84        -5.66E1       165.36        -5.30002      137.04         
 985.1        -5.00177      63.10         -5.484E1      102.61        -5.49E1       104.43        -5.55623      99.65          
 995.05       -4.80492      29.98         -5.292E1      37.09         -5.316E1      38.14         -5.78232      64.36          
 1005         -5.20282      -3.15         -5.164E1      -29.57        -5.146E1      -28.70        -6.05994      29.82          
 1014.95      -6.39872      -38.54        -5.034E1      -99.07        -5.004E1      -97.05        -6.53307      -5.53          
 1024.9       -8.27816      -78.72        -4.915E1      -169.86       -4.947E1      -168.16       -7.32429      -42.82         
 1034.85      -10.02612     -126.33       -4.922E1      118.73        -4.926E1      119.05        -8.41835      -82.65         
 1044.8       -10.379       -176.90       -4.924E1      47.06         -4.936E1      47.99         -9.51678      -125.09        
 1054.75      -9.66372      139.12        -4.951E1      -23.56        -4.913E1      -24.32        -10.18312     -168.68        
 1064.7       -9.12366      102.35        -4.963E1      -93.09        -4.964E1      -92.62        -10.31195     149.50         
 1074.65      -9.29996      69.03         -4.983E1      -161.75       -4.976E1      -161.79       -10.26246     111.11         
 1084.6       -10.26926     36.03         -4.998E1      129.79        -4.972E1      131.40        -10.49888     76.05          
 1094.55      -11.90297     0.65          -4.995E1      64.18         -4.976E1      65.87         -11.34907     43.21          
 1104.5       -13.931       -39.47        -4.998E1      -1.09         -5.018E1      -0.34         -12.98489     11.27          
 1114.45      -16.02756     -85.55        -4.998E1      -66.66        -5.006E1      -64.41        -15.62791     -21.66         
 1124.4       -17.91523     -137.61       -5.023E1      -132.92       -5.011E1      -131.83       -19.73737     -59.62         
 1134.35      -19.11092     164.06        -4.998E1      160.04        -5.006E1      161.34        -25.89199     -117.38        
 1144.3       -18.49669     104.54        -4.988E1      92.64         -4.978E1      94.35         -27.46595     143.88         
 1154.25      -16.55581     55.91         -4.978E1      26.85         -5.00E1       26.71         -23.6058      80.86          
 1164.2       -14.94932     18.03         -4.993E1      -42.39        -5.008E1      -41.75        -21.70372     36.98          
 1174.15      -14.48453     -14.69        -5.007E1      -110.40       -4.998E1      -108.61       -21.34013     -5.46          
 1184.1       -15.64375     -47.17        -5.015E1      -178.56       -5.017E1      -177.09       -21.91412     -53.79         
 1194.05      -19.16415     -88.60        -5.035E1      113.16        -5.028E1      113.49        -22.10386     -114.30        
 1204         -22.43422     -171.43       -5.091E1      45.64         -5.096E1      46.61         -19.78424     -177.02        
 1213.95      -16.79041     117.87        -5.153E1      -23.41        -5.152E1      -21.96        -16.33716     134.59         
 1223.9       -12.43331     82.54         -5.228E1      -90.02        -5.208E1      -89.80        -13.45218     97.07          
 1233.85      -10.0822      54.67         -5.293E1      -154.42       -5.279E1      -154.03       -11.37646     64.68          
 1243.8       -9.13728      27.81         -5.38E1       138.72        -5.361E1      139.49        -10.05886     33.96          
 1253.75      -9.29323      -0.68         -5.435E1      73.84         -5.436E1      73.44         -9.4664       2.78           
 1263.7       -10.29765     -33.82        -5.515E1      9.17          -5.501E1      7.84          -9.56108      -30.49         
 1273.65      -11.56443     -75.48        -5.565E1      -55.61        -5.559E1      -57.13        -10.14612     -67.49         
 1283.6       -11.80202     -125.24       -5.641E1      -120.12       -5.574E1      -121.14       -10.68881     -109.63        
 1293.55      -10.63377     -172.78       -5.66E1       174.66        -5.686E1      174.82        -10.4754      -155.26        
 1303.5       -9.27821      147.01        -5.756E1      108.91        -5.739E1      107.99        -9.43973      160.71         
 1313.45      -8.38479      111.54        -5.832E1      42.94         -5.818E1      43.36         -8.24798      121.12         
 1323.4       -7.8957       77.75         -5.911E1      -19.97        -5.87E1       -21.97        -7.42463      85.45          
 1333.35      -7.54444      43.77         -5.957E1      -82.95        -6.002E1      -82.59        -7.05802      52.42          
 1343.3       -7.1495       8.98          -6.022E1      -146.30       -6.056E1      -143.12       -6.97535      20.63          
 1353.25      -6.79297      -26.50        -6.025E1      153.05        -6.136E1      150.05        -6.96627      -11.49         
 1363.2       -6.74374      -62.66        -6.09E1       86.80         -6.069E1      89.81         -6.90062      -45.59         
 1373.15      -7.19784      -100.07       -6.144E1      24.38         -6.057E1      22.79         -6.76943      -82.94         
 1383.1       -8.00757      -140.13       -6.136E1      -43.65        -6.176E1      -46.81        -6.66107      -123.75        
 1393.05      -8.47457      175.92        -6.226E1      -113.43       -6.219E1      -111.19       -6.62857      -166.50        
 1403         -7.86328      131.58        -6.393E1      -179.78       -6.299E1      -178.07       -6.49994      151.51         
 1412.95      -6.4892       92.24         -6.436E1      116.14        -6.432E1      115.15        -6.08876      112.53         
 1422.9       -5.19161      58.47         -6.45E1       57.54         -6.491E1      53.10         -5.41423      76.96          
 1432.85      -4.44243      28.13         -6.558E1      -9.40         -6.568E1      -5.11         -4.67528      43.69          
 1442.8       -4.37713      -1.01         -6.552E1      -77.78        -6.598E1      -66.32        -4.15372      11.09          
 1452.75      -4.94569      -31.29        -6.656E1      -136.35       -6.619E1      -138.54       -4.11414      -22.02         
 1462.7       -5.93418      -65.64        -6.74E1       162.07        -6.717E1      162.23        -4.6119       -56.23         
 1472.65      -6.87906      -106.73       -6.738E1      103.96        -6.837E1      97.96         -5.43314      -92.31         
 1482.6       -7.02575      -153.04       -6.884E1      31.99         -6.90E1       33.71         -6.13259      -131.50        
 1492.55      -6.28778      163.09        -6.955E1      -19.48        -6.894E1      -17.10        -6.22393      -173.68        
 1502.5       -5.46151      125.65        -7.116E1      -74.03        -6.822E1      -92.13        -5.67233      144.17         
 1512.45      -4.95443      92.94         -7.145E1      -142.45       -7.092E1      -145.94       -5.05393      104.93         
 1522.4       -4.70088      62.08         -7.35E1       161.31        -7.317E1      152.43        -4.801        69.70          
 1532.35      -4.56046      30.52         -7.408E1      87.92         -7.492E1      72.24         -4.93067      38.10          
 1542.3       -4.42014      -3.48         -7.528E1      22.50         -7.443E1      15.96         -5.2204       8.39           
 1552.25      -4.31026      -39.91        -7.599E1      -50.49        -7.296E1      -59.22        -5.42082      -21.73         
 1562.2       -4.43262      -77.31        -7.825E1      -103.87       -7.602E1      -84.64        -5.36084      -54.35         
 1572.15      -4.90314      -114.51       -7.522E1      -171.74       -7.718E1      -179.69       -5.07989      -90.90         
 1582.1       -5.57793      -151.99       -7.567E1      117.74        -7.243E1      115.70        -4.82657      -131.53        
 1592.05      -6.07751      168.85        -7.402E1      54.70         -7.249E1      57.05         -4.86713      -173.85        
 1602         -5.91375      127.72        -7.349E1      1.29          -7.272E1      1.69          -5.087        145.06         
 1611.95      -4.9999       87.71         -7.462E1      -53.11        -7.289E1      -53.89        -5.06064      106.51         
 1621.9       -3.95271      51.91         -7.746E1      -120.42       -7.696E1      -122.37       -4.56818      70.43          
 1631.85      -3.2861       20.38         -7.503E1      -169.65       -7.555E1      -177.43       -3.77658      35.95          
 1641.8       -3.16947      -8.11         -7.46E1       143.23        -7.632E1      146.21        -3.09818      1.91           
 1651.75      -3.5764       -35.89        -7.674E1      75.19         -8.74E1       53.98         -2.96858      -31.96         
 1661.7       -4.45033      -66.66        -7.93E1       28.20         -9.041E1      -56.10        -3.56102      -65.33         
 1671.65      -5.57783      -105.02       -7.709E1      -30.37        -8.803E1      -144.72       -4.63265      -99.05         
 1681.6       -6.25267      -152.07       -9.416E1      -177.91       -8.005E1      -137.74       -5.70937      -135.92        
 1691.55      -5.77356      160.54        -8.095E1      41.34         -7.753E1      156.52        -6.15267      -178.24        
 1701.5       -4.76286      122.21        -7.86E1       75.05         -8.726E1      -57.57        -5.64513      136.78         
 1711.45      -3.94528      92.12         -8.227E1      -68.90        -8.469E1      -106.98       -4.89129      95.22          
 1721.4       -3.43242      65.46         -8.638E1      26.35         -7.737E1      -113.21       -4.69112      60.02          
 1731.35      -3.17638      37.31         -8.338E1      -168.33       -7.629E1      -157.95       -5.06616      30.44          
 1741.3       -3.19393      4.11          -7.528E1      175.00        -8.616E1      -158.63       -5.69028      3.51           
 1751.25      -3.52503      -35.21        -8.104E1      157.04        -8.861E1      56.07         -6.2029       -24.51         
 1761.2       -3.96527      -76.91        -8.202E1      125.56        -8.524E1      86.98         -6.27421      -56.68         
 1771.15      -4.23848      -115.02       -8.954E1      109.34        -8.305E1      101.98        -5.7317       -94.31         
 1781.1       -4.28354      -148.44       -8.881E1      -26.98        -9.24E1       86.42         -4.95808      -135.87        
 1791.05      -4.23164      179.63        -1.007E2      -25.65        -9.023E1      -144.44       -4.67089      -177.60        
 1801         -4.17332      144.43        -9.364E1      109.10        -8.587E1      88.41         -5.01343      143.95         
 1810.95      -4.2146       102.59        -7.977E1      31.32         -8.139E1      89.53         -5.47759      107.69         
 1820.9       -4.18636      58.34         -8.074E1      140.48        -8.279E1      153.68        -5.40326      70.38          
 1830.85      -3.85576      20.26         -8.482E1      75.91         -8.114E1      -129.29       -4.48863      31.16          
 1840.8       -3.26063      -8.80         -8.027E1      -149.51       -7.993E1      -132.94       -3.34337      -8.23          
 1850.75      -2.52795      -32.65        -7.32E1       131.79        -7.509E1      175.63        -2.97085      -45.22         
 1860.7       -1.89105      -56.97        -7.31E1       118.24        -7.20E1       152.21        -3.60567      -77.12         
 1870.65      -2.00701      -87.68        -7.039E1      62.00         -7.931E1      -68.31        -4.88714      -105.02        
 1880.6       -3.62532      -127.45       -6.987E1      -5.25         -7.383E1      -28.57        -6.53135      -134.14        
 1890.55      -5.51497      -178.12       -7.117E1      -69.68        -6.91E1       -119.89       -8.24498      -173.28        
 1900.5       -3.90158      130.15        -7.521E1      -53.90        -7.15E1       123.26        -8.60304      131.97         
 1910.45      0.65266       94.83         -7.634E1      146.10        -6.472E1      -168.70       -6.97955      79.89          
 1920.4       6.35922       61.14         -6.989E1      21.85         -6.315E1      -148.92       -5.82647      44.75          
 1930.35      9.5979        0.64          -6.533E1      40.96         -6.22E1       159.31        -5.81035      22.10          
 1940.3       5.62329       -45.07        -6.629E1      32.54         -8.303E1      138.23        -6.50941      4.97           
 1950.25      1.43029       -65.30        -6.819E1      -0.52         -7.819E1      111.37        -7.63431      -12.98         
 1960.2       -2.02777      -84.37        -7.341E1      9.05          -7.989E1      15.97         -9.0839       -38.96         
 1970.15      -4.407        -118.86       -7.122E1      9.13          -8.242E1      -27.67        -10.4245      -84.09         
 1980.1       -3.44113      -176.24       -7.553E1      -16.63        -7.694E1      -38.68        -9.65133      -148.89        
 1990.05      -1.05803      125.62        -8.017E1      -145.66       -7.856E1      -67.33        -7.53092      157.49         
 2000         -1.18185      85.99         -8.477E1      -154.13       -8.125E1      -150.26       -6.31123      123.60         
