 10           -0.02582      -37.48        -6.435E1      79.04         -6.237E1      74.11         -0.01351      -36.50         
 19.95        -0.09604      -74.69        -4.715E1      30.09         -4.703E1      31.69         -0.08036      -73.33         
 29.9         -0.40414      -113.53       -2.879E1      -20.26        -2.876E1      -20.19        -0.28613      -111.76        
 39.85        -0.37276      -145.00       -3.122E1      117.79        -3.117E1      118.25        -0.42221      -144.78        
 49.8         -0.5285       178.30        -3.521E1      24.91         -3.514E1      25.44         -0.6706       178.18         
 59.75        -0.59084      142.34        -4.199E1      -87.36        -4.192E1      -86.70        -0.65619      142.81         
 69.7         -0.64872      106.17        -4.446E1      -161.09       -4.454E1      -160.90       -0.64967      105.36         
 79.65        -0.74706      70.01         -4.016E1      129.72        -4.02E1       130.01        -0.805        70.03          
 89.6         -0.93693      32.88         -3.198E1      72.62         -3.201E1      73.18         -0.92531      32.19          
 99.55        -1.34926      -1.89         -2.275E1      -55.53        -2.276E1      -55.10        -1.81599      0.10           
 109.5        -1.92108      -39.04        -2.315E1      -155.40       -2.316E1      -155.08       -1.40378      -34.78         
 119.45       -1.66126      -66.01        -2.523E1      77.94         -2.523E1      78.74         -1.21871      -67.95         
 129.4        -1.07818      -105.28       -3.124E1      1.03          -3.12E1       1.25          -0.89157      -106.15        
 139.35       -1.0771       -142.62       -3.482E1      -59.02        -3.486E1      -58.44        -0.85995      -144.09        
 149.3        -1.05956      -178.95       -3.627E1      -106.41       -3.629E1      -106.01       -0.91111      177.52         
 159.25       -1.10704      145.13        -3.535E1      -156.70       -3.541E1      -156.15       -1.12845      139.19         
 169.2        -1.1614       109.53        -3.165E1      146.69        -3.168E1      147.16        -1.64837      98.91          
 179.15       -1.23922      73.59         -2.746E1      43.31         -2.748E1      43.87         -4.18171      69.53          
 189.1        -1.39183      36.12         -3.181E1      -65.50        -3.184E1      -64.96        -2.23113      44.23          
 199.05       -1.64215      -1.13         -3.658E1      -169.10       -3.658E1      -168.79       -1.60452      5.82           
 209          -1.84589      -41.52        -3.771E1      131.29        -3.772E1      132.35        -1.34049      -33.33         
 218.95       -2.24384      -80.90        -3.22E1       41.15         -3.22E1       41.45         -1.38226      -73.47         
 228.9        -2.79023      -122.74       -2.846E1      -33.45        -2.848E1      -32.90        -1.6407       -113.81        
 238.85       -4.28411      -161.80       -2.539E1      -100.83       -2.54E1       -100.30       -2.10955      -154.89        
 248.8        -5.78024      171.40        -2.061E1      -173.12       -2.063E1      -172.57       -3.08472      164.56         
 258.75       -5.27487      149.64        -1.76E1       107.71        -1.761E1      108.22        -4.84752      127.54         
 268.7        -3.5309       115.92        -1.639E1      16.55         -1.641E1      17.06         -5.26837      108.68         
 278.65       -3.14536      74.92         -1.776E1      -58.76        -1.778E1      -58.25        -3.97448      69.62          
 288.6        -3.42236      33.81         -1.854E1      -126.14       -1.856E1      -125.62       -4.30662      28.20          
 298.55       -4.20479      -8.34         -1.874E1      165.05        -1.875E1      165.52        -5.04636      -11.06         
 308.5        -5.23026      -52.64        -1.895E1      89.27         -1.897E1      89.81         -6.29353      -52.47         
 318.45       -7.05505      -104.32       -2.022E1      7.93          -2.023E1      8.42          -8.10424      -92.08         
 328.4        -10.91919     -159.36       -2.27E1       -76.84        -2.273E1      -76.31        -11.57606     -128.84        
 338.35       -20.36615     143.67        -2.506E1      -165.30       -2.508E1      -164.81       -13.35291     -147.85        
 348.3        -18.4427      -95.51        -2.827E1      92.83         -2.829E1      93.38         -13.48297     -179.95        
 358.25       -10.62009     -156.16       -3.054E1      3.02          -3.055E1      3.52          -14.8054      151.12         
 368.2        -8.81912      149.72        -3.456E1      -62.57        -3.455E1      -62.03        -17.50629     117.54         
 378.15       -10.17216     100.74        -3.068E1      -113.85       -3.068E1      -113.26       -20.24211     137.84         
 388.1        -15.68289     82.87         -2.912E1      161.35        -2.915E1      161.84        -14.20751     131.41         
 398.05       -12.72956     103.40        -2.988E1      77.54         -2.99E1       78.07         -10.22854     100.49         
 408          -8.28242      71.57         -3.264E1      6.42          -3.264E1      6.86          -7.88421      62.26          
 417.95       -6.13322      31.22         -3.429E1      -55.93        -3.437E1      -55.50        -6.28418      23.79          
 427.9        -5.20949      -11.28        -3.766E1      -116.21       -3.764E1      -116.10       -5.27515      -16.76         
 437.85       -4.80017      -54.18        -3.921E1      -158.73       -3.916E1      -158.38       -4.7904       -59.30         
 447.8        -4.39416      -97.34        -3.748E1      140.18        -3.747E1      140.77        -4.91179      -100.90        
 457.75       -4.22751      -139.55       -3.565E1      63.94         -3.567E1      64.71         -5.56427      -137.45        
 467.7        -4.0196       -179.03       -3.644E1      -16.51        -3.648E1      -16.13        -5.10785      -169.74        
 477.65       -3.75743      144.30        -3.665E1      -95.18        -3.666E1      -94.89        -4.2721       154.77         
 487.6        -3.49906      109.57        -3.634E1      179.42        -3.635E1      -179.93       -3.62077      117.81         
 497.55       -3.24992      75.95         -3.755E1      92.66         -3.758E1      93.31         -3.20543      80.69          
 507.5        -3.05363      42.33         -3.973E1      12.88         -3.974E1      13.35         -2.98282      44.33          
 517.45       -2.98633      7.64          -4.168E1      -63.43        -4.176E1      -62.50        -2.92068      8.27           
 527.4        -3.03668      -28.55        -4.351E1      -136.11       -4.354E1      -135.39       -2.92591      -27.59         
 537.35       -3.13584      -66.36        -4.557E1      145.62        -4.546E1      145.56        -2.91127      -63.89         
 547.3        -3.21579      -105.47       -4.75E1       81.07         -4.732E1      81.09         -2.87808      -101.13        
 557.25       -3.18432      -144.39       -4.708E1      11.22         -4.702E1      12.35         -2.84315      -138.99        
 567.2        -3.02911      178.25        -4.62E1       -69.45        -4.634E1      -68.72        -2.79998      -176.69        
 577.15       -2.79137      142.93        -4.69E1       -151.38       -4.70E1       -150.57       -2.76091      146.34         
 587.1        -2.55454      109.34        -4.837E1      135.32        -4.845E1      135.20        -2.73886      110.64         
 597.05       -2.38001      76.79         -4.885E1      75.46         -4.927E1      74.91         -2.67783      76.13          
 607          -2.30222      44.23         -4.862E1      14.27         -4.871E1      13.83         -2.58592      41.95          
 616.95       -2.33681      10.79         -4.781E1      -50.79        -4.78E1       -49.41        -2.52564      7.53           
 626.9        -2.48528      -24.29        -4.732E1      -119.40       -4.74E1       -118.73       -2.53218      -27.72         
 636.85       -2.69929      -61.13        -4.776E1      165.75        -4.783E1      166.79        -2.62097      -63.86         
 646.8        -2.89352      -99.39        -4.984E1      91.06         -4.992E1      91.22         -2.76536      -100.51        
 656.75       -2.95923      -138.02       -5.338E1      22.97         -5.311E1      22.24         -2.85814      -137.19        
 666.7        -2.86505      -175.72       -5.661E1      -27.53        -5.634E1      -25.80        -2.80848      -173.54        
 676.65       -2.66348      148.30        -5.623E1      -72.77        -5.637E1      -74.03        -2.63398      150.57         
 686.6        -2.42992      114.06        -5.513E1      -131.85       -5.511E1      -131.62       -2.41369      115.02         
 696.55       -2.23919      81.05         -5.424E1      167.37        -5.391E1      167.44        -2.25336      79.80          
 706.5        -2.15827      48.46         -5.32E1       100.77        -5.325E1      101.40        -2.2464       45.01          
 716.45       -2.19346      15.38         -5.256E1      34.57         -5.271E1      33.70         -2.36202      10.62          
 726.4        -2.33892      -18.97        -5.148E1      -30.69        -5.165E1      -31.49        -2.49641      -23.62         
 736.35       -2.56911      -55.15        -5.021E1      -101.12       -5.065E1      -98.46        -2.58434      -58.52         
 746.3        -2.80614      -93.30        -4.955E1      -173.96       -4.965E1      -173.69       -2.59928      -94.85         
 756.25       -2.94186      -132.50       -5.002E1      109.39        -4.988E1      110.32        -2.59039      -132.56        
 766.2        -2.93058      -171.40       -5.113E1      34.82         -5.131E1      35.33         -2.64897      -170.84        
 776.15       -2.76469      151.28        -5.335E1      -34.70        -5.319E1      -34.20        -2.75742      151.67         
 786.1        -2.53578      116.20        -5.536E1      -98.11        -5.538E1      -97.30        -2.84301      116.01         
 796.05       -2.33826      82.97         -5.664E1      -153.18       -5.711E1      -152.21       -2.85629      82.10          
 806          -2.21865      50.65         -5.687E1      155.46        -5.673E1      157.58        -2.79317      49.00          
 815.95       -2.22742      18.25         -5.548E1      103.07        -5.556E1      103.56        -2.7113       15.72          
 825.9        -2.39149      -15.36        -5.385E1      43.71         -5.389E1      44.49         -2.7324       -18.66         
 835.85       -2.6699       -51.04        -5.208E1      -17.09        -5.217E1      -19.05        -2.89586      -54.45         
 845.8        -2.9718       -88.77        -5.028E1      -85.28        -5.037E1      -86.00        -3.17529      -91.20         
 855.75       -3.18664      -127.89       -4.913E1      -156.39       -4.928E1      -155.19       -3.43391      -128.34        
 865.7        -3.21641      -166.94       -4.851E1      131.09        -4.876E1      131.55        -3.5113       -165.27        
 875.65       -3.09445      155.56        -4.818E1      56.45         -4.814E1      56.72         -3.37278      158.44         
 885.6        -2.90797      120.07        -4.811E1      -17.57        -4.833E1      -17.34        -3.12353      122.81         
 895.55       -2.73557      86.37         -4.819E1      -90.81        -4.827E1      -90.59        -2.91583      87.88          
 905.5        -2.63691      53.78         -4.831E1      -162.88       -4.813E1      -163.09       -2.8677       53.75          
 915.45       -2.64541      21.37         -4.843E1      122.33        -4.847E1      124.35        -2.98155      20.36          
 925.4        -2.77482      -11.68        -4.852E1      52.66         -4.865E1      54.00         -3.17842      -12.75         
 935.35       -3.04547      -46.13        -4.844E1      -17.71        -4.877E1      -18.19        -3.36857      -46.53         
 945.3        -3.41798      -82.56        -4.854E1      -87.95        -4.858E1      -88.92        -3.50947      -82.07         
 955.25       -3.78141      -120.79       -4.894E1      -155.74       -4.878E1      -155.51       -3.62086      -119.90        
 965.2        -3.99192      -159.67       -4.926E1      137.23        -4.926E1      137.51        -3.75528      -159.28        
 975.15       -3.97116      162.52        -4.993E1      74.11         -5.012E1      74.94         -3.91461      161.60         
 985.1        -3.79174      127.04        -5.059E1      13.47         -5.055E1      13.09         -4.04368      124.45         
 995.05       -3.57783      93.92         -5.066E1      -47.26        -5.08E1       -46.90        -4.08653      89.70          
 1005         -3.4559       62.38         -5.072E1      -110.53       -5.061E1      -110.97       -4.03562      56.70          
 1014.95      -3.50539      31.10         -5.007E1      -176.80       -5.046E1      -176.51       -3.97555      24.22          
 1024.9       -3.7678       -1.12         -4.949E1      115.83        -4.965E1      112.31        -4.02493      -8.85          
 1034.85      -4.22582      -35.37        -4.91E1       39.84         -4.906E1      39.40         -4.28459      -43.00         
 1044.8       -4.80532      -72.28        -4.931E1      -35.89        -4.914E1      -37.02        -4.75998      -78.20         
 1054.75      -5.32455      -111.69       -4.952E1      -108.11       -4.948E1      -106.98       -5.29733      -114.34        
 1064.7       -5.56595      -152.02       -4.966E1      176.44        -4.97E1       178.93        -5.66463      -151.19        
 1074.65      -5.48659      168.81        -4.991E1      100.17        -4.977E1      104.14        -5.73083      171.67         
 1084.6       -5.20545      132.19        -4.992E1      24.89         -4.985E1      26.10         -5.52507      134.88         
 1094.55      -4.88742      98.42         -5.029E1      -48.48        -5.026E1      -47.95        -5.23601      99.25          
 1104.5       -4.65929      66.69         -5.096E1      -119.61       -5.10E1       -117.82       -5.05798      65.17          
 1114.45      -4.57872      36.09         -5.224E1      171.72        -5.223E1      171.46        -5.06266      32.73          
 1124.4       -4.68551      5.57          -5.351E1      102.90        -5.343E1      103.20        -5.19927      1.58           
 1134.35      -5.01744      -25.97        -5.474E1      35.40         -5.436E1      38.17         -5.38943      -29.15         
 1144.3       -5.54679      -59.74        -5.536E1      -32.45        -5.535E1      -30.78        -5.54785      -60.93         
 1154.25      -6.15809      -96.46        -5.509E1      -99.32        -5.532E1      -99.90        -5.6483       -94.86         
 1164.2       -6.61297      -135.96       -5.437E1      -171.76       -5.446E1      -170.64       -5.74851      -131.23        
 1174.15      -6.6307       -176.25       -5.364E1      116.41        -5.397E1      121.29        -5.86534      -169.15        
 1184.1       -6.21568      145.70        -5.348E1      50.83         -5.337E1      50.42         -5.94092      153.15         
 1194.05      -5.63158      111.35        -5.344E1      -19.54        -5.348E1      -19.02        -5.8998       117.25         
 1204         -5.11457      80.19         -5.446E1      -85.91        -5.414E1      -86.96        -5.68658      83.45          
 1213.95      -4.79446      50.95         -5.499E1      -151.66       -5.526E1      -152.60       -5.35504      51.13          
 1223.9       -4.73035      22.10         -5.567E1      137.94        -5.573E1      140.40        -5.03612      19.09          
 1233.85      -4.93016      -7.80         -5.648E1      72.16         -5.656E1      73.42         -4.89013      -13.68         
 1243.8       -5.36319      -40.00        -5.739E1      -2.04         -5.754E1      -0.44         -5.03677      -47.59         
 1253.75      -5.92613      -75.29        -5.863E1      -73.32        -5.863E1      -74.52        -5.44982      -82.50         
 1263.7       -6.38281      -113.92       -6.076E1      -151.93       -6.062E1      -148.02       -5.91313      -118.50        
 1273.65      -6.47321      -154.35       -6.295E1      131.20        -6.172E1      135.05        -6.13694      -155.64        
 1283.6       -6.15021      165.98        -6.306E1      57.43         -6.312E1      63.67         -5.9548       166.53         
 1293.55      -5.60456      128.92        -6.339E1      -13.77        -6.327E1      -12.30        -5.47094      128.92         
 1303.5       -5.04208      94.85         -6.393E1      -78.84        -6.36E1       -76.83        -4.96976      92.45          
 1313.45      -4.58879      63.17         -6.344E1      -136.93       -6.371E1      -136.18       -4.68959      57.94          
 1323.4       -4.292        32.83         -6.278E1      159.63        -6.351E1      159.06        -4.65615      25.57          
 1333.35      -4.17328      2.74          -6.508E1      97.08         -6.364E1      98.69         -4.73831      -5.41          
 1343.3       -4.26857      -28.40        -6.429E1      32.36         -6.404E1      27.37         -4.79048      -36.53         
 1353.25      -4.61328      -61.96        -6.534E1      -25.43        -6.382E1      -26.00        -4.73348      -69.58         
 1363.2       -5.155        -99.34        -6.466E1      -99.93        -6.452E1      -102.92       -4.60476      -106.09        
 1373.15      -5.65993      -140.70       -6.471E1      179.73        -6.50E1       -173.85       -4.53878      -146.04        
 1383.1       -5.74532      176.14        -6.588E1      105.18        -6.514E1      111.09        -4.62688      172.76         
 1393.05      -5.28355      135.36        -6.71E1       38.11         -6.699E1      34.74         -4.73792      133.17         
 1403         -4.56624      99.35         -6.747E1      -25.37        -6.798E1      -35.89        -4.65931      96.66          
 1412.95      -3.92108      67.30         -6.777E1      -100.37       -6.686E1      -103.67       -4.34302      62.66          
 1422.9       -3.52087      37.33         -6.779E1      -174.48       -6.705E1      -167.90       -3.90553      29.68          
 1432.85      -3.43967      7.62          -6.675E1      127.37        -6.676E1      119.37        -3.57276      -3.59          
 1442.8       -3.67883      -23.45        -6.838E1      54.94         -6.673E1      52.16         -3.61161      -37.68         
 1452.75      -4.18138      -57.16        -6.889E1      -9.37         -6.848E1      -10.13        -4.10426      -72.33         
 1462.7       -4.74794      -94.17        -6.948E1      -76.78        -6.927E1      -74.07        -4.83528      -107.38        
 1472.65      -5.11442      -134.17       -7.172E1      -155.33       -7.221E1      -153.80       -5.46041      -143.59        
 1482.6       -5.12246      -175.31       -7.35E1       121.42        -7.342E1      128.62        -5.64952      178.30         
 1492.55      -4.86611      144.85        -7.203E1      44.55         -7.198E1      53.94         -5.33269      138.97         
 1502.5       -4.56184      107.52        -7.262E1      -13.86        -7.57E1       -38.46        -4.83049      100.33         
 1512.45      -4.29845      72.77         -7.511E1      -93.88        -7.559E1      -99.97        -4.55673      64.06          
 1522.4       -4.06546      40.38         -7.433E1      -166.34       -7.529E1      -164.96       -4.61211      31.27          
 1532.35      -3.84962      9.58          -7.326E1      120.39        -7.645E1      141.06        -4.85091      1.16           
 1542.3       -3.69589      -20.87        -7.503E1      93.42         -7.505E1      101.68        -5.05977      -28.32         
 1552.25      -3.73999      -52.22        -7.359E1      45.83         -7.248E1      32.38         -5.08566      -59.47         
 1562.2       -4.1574       -86.13        -7.081E1      -6.34         -7.006E1      -17.48        -4.91272      -94.32         
 1572.15      -5.0161       -123.97       -7.02E1       -80.97        -7.071E1      -72.92        -4.72787      -133.74        
 1582.1       -5.96707      -166.26       -6.956E1      -136.61       -7.034E1      -140.70       -4.78         -175.84        
 1592.05      -6.26594      149.45        -7.062E1      166.30        -7.085E1      165.26        -5.04805      143.04         
 1602         -5.64649      108.50        -7.399E1      115.84        -7.294E1      131.02        -5.19141      104.77         
 1611.95      -4.68029      73.52         -8.535E1      57.23         -8.314E1      84.54         -4.95116      69.21          
 1621.9       -3.95805      42.57         -9.135E1      66.03         -9.706E1      52.78         -4.38542      35.02          
 1631.85      -3.79076      13.19         -8.023E1      -170.43       -7.886E1      160.01        -3.8123       0.86           
 1641.8       -4.27695      -16.34        -7.341E1      153.35        -7.529E1      163.49        -3.63664      -33.51         
 1651.75      -5.30089      -47.74        -7.41E1       100.19        -7.651E1      123.76        -4.08781      -67.08         
 1661.7       -6.44563      -83.50        -7.089E1      78.14         -7.227E1      96.69         -5.02898      -99.59         
 1671.65      -6.99659      -124.44       -6.999E1      28.03         -7.049E1      47.52         -6.08206      -132.60        
 1681.6       -6.59874      -166.88       -7.088E1      3.83          -7.402E1      10.77         -6.83506      -168.83        
 1691.55      -5.89539      153.67        -7.048E1      -2.56         -7.457E1      -1.90         -6.9301       150.59         
 1701.5       -5.65627      118.33        -7.243E1      -23.15        -6.953E1      -46.67        -6.44314      108.50         
 1711.45      -6.01876      86.40         -6.948E1      -92.71        -7.147E1      -89.48        -6.01797      69.47          
 1721.4       -6.60512      55.82         -7.817E1      -164.86       -7.185E1      -136.27       -6.07639      35.84          
 1731.35      -6.87066      24.33         -7.597E1      144.02        -7.419E1      148.54        -6.49778      6.75           
 1741.3       -6.44816      -8.74         -7.366E1      88.05         -7.577E1      80.90         -7.00713      -20.78         
 1751.25      -5.55431      -42.58        -8.338E1      5.06          -7.295E1      -3.17         -7.33781      -50.12         
 1761.2       -4.95205      -75.99        -8.30E1       -29.75        -7.778E1      -57.89        -7.31842      -83.79         
 1771.15      -5.31616      -107.24       -8.622E1      164.73        -9.225E1      159.09        -7.02393      -122.49        
 1781.1       -6.67196      -136.02       -7.497E1      -60.49        -7.664E1      -59.44        -6.89442      -163.77        
 1791.05      -8.652        -166.91       -7.035E1      -118.10       -7.058E1      -124.98       -7.2234       156.52         
 1801         -10.33526     150.76        -6.686E1      -172.33       -6.542E1      -170.83       -7.79633      120.01         
 1810.95      -9.55585      97.43         -6.627E1      143.54        -6.431E1      147.80        -8.19377      84.44          
 1820.9       -7.07784      53.07         -6.643E1      101.67        -6.635E1      99.36         -8.02335      47.21          
 1830.85      -5.49145      21.96         -6.986E1      110.84        -7.179E1      117.62        -7.30522      8.43           
 1840.8       -4.98681      1.00          -6.97E1       99.10         -6.92E1       110.61        -6.72258      -29.48         
 1850.75      -5.01815      -14.09        -6.643E1      73.14         -6.821E1      75.13         -6.89513      -63.51         
 1860.7       -5.37619      -28.26        -6.73E1       46.77         -6.878E1      55.84         -7.80055      -92.32         
 1870.65      -6.45178      -47.42        -6.64E1       8.08          -6.662E1      -13.85        -9.19444      -118.11        
 1880.6       -9.50158      -81.11        -6.52E1       -28.39        -6.531E1      -39.52        -11.01414     -145.67        
 1890.55      -13.35407     -157.74       -6.44E1       -52.26        -6.70E1       -71.20        -13.20113     176.81         
 1900.5       -8.26147      134.34        -6.207E1      -51.05        -6.914E1      -52.10        -14.22243     122.13         
 1910.45      -3.51761      108.81        -6.312E1      -98.58        -6.014E1      -114.46       -12.4311      70.18          
 1920.4       0.23675       91.74         -6.585E1      -110.82       -5.88E1       -124.37       -10.6668      37.37          
 1930.35      3.53066       68.48         -6.95E1       174.10        -6.08E1       -157.32       -10.09434     16.83          
 1940.3       4.50566       28.30         -7.07E1       63.22         -6.474E1      -150.30       -10.43088     1.52           
 1950.25      0.91846       -10.81        -9.452E1      99.52         -6.625E1      -178.33       -11.42383     -13.84         
 1960.2       -4.18926      -40.47        -8.149E1      33.00         -7.735E1      -177.23       -13.09565     -34.29         
 1970.15      -8.35895      -80.80        -7.332E1      -139.64       -6.702E1      -149.19       -15.72119     -67.81         
 1980.1       -7.99314      -133.71       -6.488E1      177.61        -6.491E1      167.69        -18.04443     -127.57        
 1990.05      -4.98463      -175.88       -6.075E1      128.62        -6.117E1      124.89        -16.05788     169.81         
 2000         -3.48189      147.21        -5.972E1      82.29         -5.982E1      82.18         -13.26586     134.20         
