 10           -0.00512      -35.84        -6.798E1      -116.65       -7.363E1      -116.04       -0.14189      -35.45         
 19.95        -0.08034      -71.83        -6.75E1       -28.92        -6.68E1       -27.63        -0.50577      -71.22         
 29.9         -0.1932       -107.67       -7.552E1      -127.10       -7.247E1      -146.15       -1.0053       -106.94        
 39.85        -0.3089       -143.23       -7.352E1      179.91        -6.944E1      157.68        -1.43154      -142.85        
 49.8         -0.4154       -178.43       -8.342E1      46.17         -7.845E1      34.22         -1.6666       -178.83        
 59.75        -0.49893      146.56        -7.871E1      13.59         -7.984E1      -22.53        -1.63863      145.32         
 69.7         -0.54155      111.70        -8.03E1       -50.65        -8.612E1      -96.69        -1.37311      109.83         
 79.65        -0.56447      76.76         -8.451E1      175.65        -9.399E1      -0.40         -1.02337      74.65          
 89.6         -0.58447      41.57         -7.425E1      64.39         -7.808E1      84.82         -0.74437      39.63          
 99.55        -0.58706      6.02          -7.874E1      -16.58        -7.597E1      -10.76        -0.62878      4.58           
 109.5        -0.59901      -29.77        -7.927E1      -113.96       -8.165E1      -70.64        -0.73872      -30.43         
 119.45       -0.62223      -65.87        -8.851E1      172.47        -9.019E1      -131.85       -1.04118      -65.72         
 129.4        -0.65459      -101.88       -8.06E1       129.58        -8.044E1      108.22        -1.4307       -101.22        
 139.35       -0.70578      -137.55       -8.621E1      49.68         -8.264E1      55.43         -1.79104      -137.01        
 149.3        -0.77208      -172.78       -8.466E1      -8.62         -8.302E1      -4.11         -2.01159      -173.00        
 159.25       -0.82426      152.50        -7.562E1      -82.52        -7.433E1      -57.05        -2.01314      151.18         
 169.2        -0.85002      118.14        -7.113E1      -140.05       -7.327E1      -144.55       -1.80242      115.93         
 179.15       -0.84792      83.75         -7.102E1      120.51        -7.012E1      102.27        -1.4773       81.23          
 189.1        -0.82751      49.07         -7.909E1      155.93        -7.606E1      170.01        -1.12528      47.07          
 199.05       -0.82319      13.83         -7.461E1      36.31         -7.855E1      58.17         -0.87909      12.65          
 209          -0.85446      -22.07        -7.138E1      9.66          -7.457E1      -6.04         -0.86733      -22.35         
 218.95       -0.92105      -58.41        -7.387E1      -67.33        -7.203E1      -59.55        -1.13292      -58.01         
 228.9        -0.99052      -94.73        -7.082E1      -153.14       -7.163E1      -156.91       -1.57875      -94.03         
 238.85       -1.03751      -130.59       -7.373E1      150.74        -7.30E1       110.45        -2.02805      -130.24        
 248.8        -1.0475       -165.80       -7.408E1      44.80         -7.353E1      23.73         -2.28902      -166.37        
 258.75       -1.0294       159.58        -7.452E1      -75.19        -7.063E1      -60.13        -2.25195      157.83         
 268.7        -1.01308      125.25        -7.825E1      175.91        -7.645E1      -177.48       -1.95822      122.54         
 278.65       -1.03162      90.87         -7.616E1      80.99         -7.894E1      111.89        -1.56746      87.61          
 288.6        -1.05374      56.17         -7.808E1      42.84         -8.084E1      14.70         -1.22373      52.86          
 298.55       -1.08097      21.07         -8.421E1      -63.23        -8.887E1      -142.33       -1.06375      18.15          
 308.5        -1.10697      -14.58        -7.442E1      72.70         -7.928E1      52.47         -1.1368       -16.67         
 318.45       -1.12437      -50.65        -7.761E1      11.84         -7.514E1      1.72          -1.39212      -51.67         
 328.4        -1.16187      -86.92        -7.444E1      -89.56        -7.612E1      -109.58       -1.76458      -86.99         
 338.35       -1.2328       -123.35       -7.485E1      167.99        -7.398E1      159.58        -2.15423      -123.10        
 348.3        -1.2939       -159.57       -7.33E1       73.35         -7.217E1      87.66         -2.4261       -159.81        
 358.25       -1.33237      164.87        -7.257E1      6.23          -7.168E1      13.73         -2.5147       163.59         
 368.2        -1.31998      130.04        -7.422E1      -53.60        -7.384E1      -60.61        -2.38211      127.77         
 378.15       -1.24245      95.95         -7.693E1      -137.54       -7.766E1      -130.70       -2.05796      93.14          
 388.1        -1.1697       62.20         -7.76E1       163.95        -7.516E1      162.62        -1.68074      59.49          
 398.05       -1.14532      28.00         -7.865E1      39.51         -8.051E1      89.14         -1.37705      25.83          
 408          -1.18222      -7.09         -8.145E1      -30.33        -7.461E1      -13.66        -1.25041      -8.53          
 417.95       -1.31005      -43.20        -8.555E1      -47.72        -9.009E1      -23.98        -1.42802      -43.89         
 427.9        -1.46814      -80.13        -8.243E1      -23.76        -8.816E1      131.76        -1.86028      -80.21         
 437.85       -1.5585       -117.08       -8.375E1      -12.21        -8.936E1      54.98         -2.34927      -117.03        
 447.8        -1.57894      -153.38       -8.281E1      -6.69         -8.40E1       38.12         -2.69172      -153.91        
 457.75       -1.53543      171.17        -7.682E1      -30.11        -8.182E1      -53.36        -2.71358      169.51         
 467.7        -1.45709      136.48        -8.27E1       -98.22        -8.165E1      -171.37       -2.42169      133.64         
 477.65       -1.41505      102.09        -8.079E1      108.89        -8.30E1       151.42        -1.98974      98.48          
 487.6        -1.41393      67.39         -7.833E1      45.61         -8.731E1      9.36          -1.59552      63.60          
 497.55       -1.44982      32.22         -8.73E1       59.05         -8.347E1      73.57         -1.38484      28.92          
 507.5        -1.51991      -3.58         -8.421E1      7.61          -8.991E1      -61.90        -1.43437      -5.71          
 517.45       -1.618        -40.16        -8.367E1      -88.78        -8.664E1      -13.92        -1.71287      -40.67         
 527.4        -1.73645      -77.33        -8.048E1      159.33        -7.908E1      -157.38       -2.12616      -76.41         
 537.35       -1.90291      -114.91       -7.478E1      96.53         -7.128E1      88.79         -2.59153      -113.45        
 547.3        -2.08797      -152.50       -6.476E1      2.44          -6.368E1      3.30          -2.99475      -151.81        
 557.25       -2.25992      170.73        -5.879E1      -88.95        -5.866E1      -85.67        -3.24291      169.54         
 567.2        -2.41052      135.31        -5.474E1      -173.38       -5.475E1      -175.02       -3.30888      132.02         
 577.15       -2.53759      101.46        -5.069E1      103.13        -5.074E1      103.99        -3.23714      96.59          
 587.1        -2.66039      68.86         -4.728E1      18.99         -4.717E1      18.75         -3.11818      63.35          
 597.05       -2.8206       36.61         -4.474E1      -67.45        -4.465E1      -69.24        -3.01496      31.49          
 607          -3.04136      3.67          -4.292E1      -158.16       -4.289E1      -157.75       -3.02523      -0.22          
 616.95       -3.32758      -30.85        -4.235E1      111.40        -4.234E1      111.23        -3.23614      -32.76         
 626.9        -3.60332      -67.18        -4.295E1      22.93         -4.285E1      23.08         -3.65695      -66.78         
 636.85       -3.75488      -104.63       -4.453E1      -58.49        -4.451E1      -58.70        -4.16562      -102.31        
 646.8        -3.69936      -141.86       -4.557E1      -130.47       -4.549E1      -130.06       -4.53716      -139.28        
 656.75       -3.47312      -177.82       -4.553E1      157.57        -4.564E1      157.49        -4.58105      -176.69        
 666.7        -3.20613      147.76        -4.537E1      81.64         -4.543E1      82.36         -4.24157      146.65         
 676.65       -2.99956      114.32        -4.584E1      5.68          -4.587E1      6.11          -3.67594      111.11         
 686.6        -2.90313      81.17         -4.652E1      -68.71        -4.655E1      -68.70        -3.11504      76.50          
 696.55       -2.91813      47.72         -4.753E1      -140.87       -4.747E1      -141.60       -2.77201      42.69          
 706.5        -3.00081      13.49         -4.869E1      149.92        -4.862E1      149.55        -2.70253      9.37           
 716.45       -3.09054      -21.67        -4.939E1      83.49         -4.947E1      84.12         -2.86242      -23.92         
 726.4        -3.18395      -57.79        -4.951E1      16.17         -4.965E1      16.37         -3.19554      -57.92         
 736.35       -3.28678      -94.77        -4.994E1      -58.22        -4.972E1      -54.16        -3.62387      -93.63         
 746.3        -3.38585      -132.17       -5.088E1      -131.59       -5.092E1      -131.09       -4.03482      -131.49        
 756.25       -3.44566      -169.24       -5.275E1      156.93        -5.277E1      158.09        -4.31623      -170.75        
 766.2        -3.40416      154.62        -5.471E1      90.94         -5.471E1      90.57         -4.3509       150.23         
 776.15       -3.23551      120.00        -5.633E1      29.92         -5.634E1      29.62         -4.11157      113.33         
 786.1        -3.01387      86.77         -5.817E1      -30.24        -5.813E1      -27.99        -3.71517      79.03          
 796.05       -2.82912      54.14         -5.985E1      -83.08        -5.98E1       -79.57        -3.30031      46.46          
 806          -2.78181      21.17         -6.162E1      -130.60       -6.148E1      -133.20       -3.00853      14.30          
 815.95       -2.96467      -13.03        -6.317E1      -166.34       -6.311E1      -166.92       -2.99606      -18.71         
 825.9        -3.33347      -49.20        -6.068E1      155.76        -6.076E1      154.91        -3.35234      -53.32         
 835.85       -3.70898      -87.19        -5.796E1      92.57         -5.815E1      97.18         -3.98651      -89.51         
 845.8        -3.88852      -125.98       -5.683E1      27.85         -5.66E1       29.63         -4.63793      -127.12        
 855.75       -3.78806      -164.20       -5.62E1       -37.77        -5.591E1      -37.72        -4.945        -165.76        
 865.7        -3.52505      159.40        -5.574E1      -105.11       -5.548E1      -104.45       -4.75387      155.95         
 875.65       -3.29937      124.90        -5.517E1      -172.48       -5.492E1      -171.75       -4.2157       119.10         
 885.6        -3.20463      91.59         -5.429E1      118.55        -5.397E1      122.64        -3.61918      83.80          
 895.55       -3.25815      58.71         -5.401E1      49.72         -5.365E1      51.06         -3.21827      49.87          
 905.5        -3.409        25.37         -5.388E1      -20.13        -5.444E1      -16.29        -3.12152      16.91          
 915.45       -3.5798       -9.17         -5.428E1      -83.18        -5.422E1      -87.31        -3.2913       -15.63         
 925.4        -3.73529      -45.32        -5.484E1      -151.22       -5.474E1      -151.95       -3.65164      -48.75         
 935.35       -3.90398      -83.07        -5.537E1      143.37        -5.488E1      146.40        -4.12096      -83.77         
 945.3        -4.09737      -121.95       -5.568E1      79.69         -5.526E1      80.44         -4.61899      -121.74        
 955.25       -4.26642      -160.82       -5.579E1      21.59         -5.62E1       19.96         -5.02018      -162.31        
 965.2        -4.30447      161.48        -5.589E1      -38.13        -5.584E1      -39.62        -5.1617       156.63         
 975.15       -4.15216      125.79        -5.555E1      -98.70        -5.562E1      -100.03       -4.98447      117.73         
 985.1        -3.86555      92.16         -5.497E1      -159.60       -5.474E1      -160.09       -4.59147      82.17          
 995.05       -3.58261      60.02         -5.475E1      136.24        -5.441E1      136.60        -4.13787      49.41          
 1005         -3.46567      28.29         -5.373E1      73.60         -5.361E1      72.57         -3.78499      17.95          
 1014.95      -3.64508      -4.27         -5.304E1      7.94          -5.311E1      4.29          -3.69643      -13.73         
 1024.9       -4.14339      -38.83        -5.311E1      -64.07        -5.262E1      -61.02        -3.99387      -46.64         
 1034.85      -4.83638      -76.39        -5.286E1      -129.06       -5.292E1      -128.34       -4.68872      -81.25         
 1044.8       -5.39418      -117.23       -5.343E1      162.58        -5.326E1      166.44        -5.56549      -118.09        
 1054.75      -5.46951      -159.33       -5.391E1      96.59         -5.416E1      96.70         -6.19464      -157.22        
 1064.7       -5.09727      160.62        -5.406E1      29.15         -5.444E1      33.77         -6.20278      162.61         
 1074.65      -4.61702      124.22        -5.465E1      -34.74        -5.528E1      -34.88        -5.62653      123.57         
 1084.6       -4.29416      91.03         -5.574E1      -94.44        -5.584E1      -92.20        -4.86867      86.84          
 1094.55      -4.21693      59.74         -5.638E1      -156.65       -5.604E1      -157.13       -4.32642      52.39          
 1104.5       -4.3322       28.70         -5.664E1      139.90        -5.655E1      141.81        -4.14953      19.63          
 1114.45      -4.56776      -3.41         -5.677E1      79.36         -5.632E1      77.03         -4.29666      -12.09         
 1124.4       -4.87976      -37.65        -5.645E1      18.06         -5.633E1      18.87         -4.66057      -44.00         
 1134.35      -5.24588      -74.45        -5.588E1      -48.87        -5.568E1      -45.73        -5.14331      -77.73         
 1144.3       -5.62729      -113.34       -5.621E1      -113.78       -5.617E1      -114.29       -5.65796      -114.64        
 1154.25      -5.96016      -153.30       -5.62E1       178.57        -5.642E1      179.00        -6.13475      -154.84        
 1164.2       -6.08729      166.86        -5.63E1       110.74        -5.627E1      108.48        -6.42083      163.15         
 1174.15      -5.89937      128.57        -5.677E1      40.10         -5.702E1      44.59         -6.37387      122.44         
 1184.1       -5.46971      92.68         -5.752E1      -20.24        -5.738E1      -20.56        -6.02324      85.14          
 1194.05      -4.98447      59.20         -5.839E1      -82.77        -5.856E1      -85.35        -5.50534      51.34          
 1204         -4.66267      27.46         -5.895E1      -147.18       -5.806E1      -146.78       -5.02529      19.77          
 1213.95      -4.68515      -3.63         -5.903E1      149.18        -5.918E1      146.28        -4.81129      -11.20         
 1223.9       -5.12233      -35.57        -6.026E1      84.01         -5.99E1       81.08         -5.04621      -42.96         
 1233.85      -5.91542      -70.07        -6.161E1      24.92         -6.145E1      21.25         -5.80164      -76.30         
 1243.8       -6.81907      -109.02       -6.257E1      -46.20        -6.219E1      -40.31        -6.93203      -112.28        
 1253.75      -7.30856      -152.51       -6.385E1      -107.20       -6.348E1      -102.25       -7.94557      -152.05        
 1263.7       -7.02458      163.69        -6.62E1       -174.01       -6.491E1      -166.94       -8.17518      165.38         
 1273.65      -6.32187      124.13        -6.65E1       129.60        -6.677E1      126.94        -7.499        124.10         
 1283.6       -5.70633      89.41         -6.639E1      67.40         -6.652E1      70.19         -6.49907      86.58          
 1293.55      -5.38874      57.97         -6.685E1      3.81          -6.67E1       11.30         -5.75924      52.56          
 1303.5       -5.36165      27.60         -6.62E1       -51.26        -6.638E1      -53.94        -5.50366      20.87          
 1313.45      -5.55897      -3.50         -6.623E1      -112.35       -6.576E1      -101.17       -5.69316      -9.58          
 1323.4       -5.89992      -36.60        -6.80E1       -166.46       -6.709E1      -151.19       -6.17223      -40.38         
 1333.35      -6.34675      -72.20        -6.639E1      153.79        -6.675E1      138.00        -6.80788      -73.38         
 1343.3       -6.84389      -110.03       -6.779E1      80.39         -6.937E1      72.76         -7.49668      -110.32        
 1353.25      -7.29771      -149.12       -6.748E1      27.14         -6.761E1      18.28         -8.11614      -151.66        
 1363.2       -7.56987      171.30        -6.825E1      -37.39        -6.816E1      -38.24        -8.48466      164.33         
 1373.15      -7.52247      132.18        -6.989E1      -100.97       -6.806E1      -106.66       -8.4503       121.34         
 1383.1       -7.13186      94.65         -7.071E1      -167.21       -7.049E1      -169.37       -8.02527      82.34          
 1393.05      -6.57955      59.59         -7.054E1      125.56        -7.031E1      124.75        -7.38947      47.75          
 1403         -6.13823      26.92         -6.929E1      60.09         -6.975E1      68.04         -6.7919       16.17          
 1412.95      -6.01925      -4.00         -6.961E1      2.42          -6.951E1      8.25          -6.47908      -14.18         
 1422.9       -6.34589      -34.42        -6.956E1      -54.20        -6.835E1      -60.21        -6.69886      -44.70         
 1432.85      -7.15787      -66.27        -6.91E1       -127.93       -6.968E1      -119.39       -7.61244      -76.46         
 1442.8       -8.34889      -102.37       -6.848E1      173.46        -6.961E1      178.43        -9.15446      -111.26        
 1452.75      -9.44564      -145.19       -6.806E1      109.55        -6.938E1      107.94        -10.80596     -152.09        
 1462.7       -9.59489      167.63        -6.957E1      53.47         -6.95E1       50.68         -11.39732     160.52         
 1472.65      -8.72735      124.47        -6.951E1      -11.31        -6.883E1      -4.76         -10.34886     114.94         
 1482.6       -7.72185      88.68         -7.092E1      -62.81        -6.986E1      -61.36        -8.7929       76.84          
 1492.55      -7.09641      58.06         -7.127E1      -124.38       -7.124E1      -111.86       -7.71514      44.42          
 1502.5       -6.93672      29.56         -7.281E1      -173.47       -7.313E1      171.71        -7.35984      15.27          
 1512.45      -7.24864      0.54          -7.369E1      114.77        -7.514E1      121.07        -7.66592      -12.30         
 1522.4       -7.97823      -31.30        -7.37E1       67.67         -7.424E1      59.89         -8.47922      -40.45         
 1532.35      -8.97771      -67.42        -7.334E1      2.52          -7.679E1      -20.60        -9.65389      -71.88         
 1542.3       -9.93767      -107.80       -7.604E1      -73.91        -7.661E1      -73.52        -11.01426     -109.51        
 1552.25      -10.52065     -150.18       -7.673E1      -139.58       -7.562E1      -137.33       -12.18731     -154.75        
 1562.2       -10.62322     168.14        -7.842E1      159.67        -7.587E1      168.92        -12.61743     155.66         
 1572.15      -10.42139     128.17        -7.738E1      101.78        -7.659E1      105.10        -12.22327     108.83         
 1582.1       -9.99679      89.58         -7.598E1      44.31         -7.599E1      52.43         -11.39675     68.36          
 1592.05      -9.40052      52.76         -7.733E1      -31.09        -7.808E1      -16.28        -10.44156     33.58          
 1602         -8.8157       18.67         -7.706E1      -71.84        -7.638E1      -68.16        -9.59228      2.55           
 1611.95      -8.48322      -12.25        -7.61E1       -127.69       -7.63E1       -136.32       -9.12445      -26.38         
 1621.9       -8.59154      -40.74        -7.552E1      179.94        -7.797E1      178.83        -9.31774      -54.34         
 1631.85      -9.35674      -68.59        -7.328E1      138.54        -7.396E1      108.50        -10.45111     -82.17         
 1641.8       -11.03393     -99.29        -7.312E1      61.13         -7.461E1      74.86         -12.74643     -111.90        
 1651.75      -13.66939     -140.00       -7.553E1      4.18          -7.559E1      -4.81         -16.32305     -151.27        
 1661.7       -15.27646     160.24        -7.524E1      -43.57        -7.722E1      -66.94        -18.699       142.78         
 1671.65      -13.11671     104.55        -7.74E1       -111.02       -7.588E1      -123.52       -15.46986     81.59          
 1681.6       -10.51066     69.18         -7.665E1      -170.44       -7.752E1      -174.35       -12.09966     45.27          
 1691.55      -8.95566      43.63         -7.619E1      86.75         -8.074E1      121.18        -10.29047     18.16          
 1701.5       -8.41795      21.33         -7.317E1      77.19         -8.117E1      67.91         -9.80681      -5.29          
 1711.45      -8.88716      -1.51         -8.279E1      -22.00        -8.016E1      -1.97         -10.37923     -27.47         
 1721.4       -10.55919     -28.36        -8.631E1      57.79         -8.988E1      -61.18        -11.88459     -51.39         
 1731.35      -13.5551      -65.16        -8.136E1      -128.49       -8.377E1      -160.88       -14.32165     -81.98         
 1741.3       -16.07488     -122.21       -7.675E1      131.57        -7.665E1      138.29        -17.17323     -127.52        
 1751.25      -14.60318     -179.88       -7.489E1      81.06         -7.845E1      87.84         -18.09428     171.88         
 1761.2       -12.32571     141.94        -7.543E1      26.76         -7.667E1      41.42         -16.84009     119.02         
 1771.15      -11.16256     111.15        -8.009E1      -13.14        -7.629E1      -25.18        -15.78784     77.40          
 1781.1       -11.14183     78.92         -7.832E1      -86.43        -7.778E1      -78.01        -15.21232     39.30          
 1791.05      -11.82064     40.46         -7.81E1       -158.36       -8.209E1      -166.49       -14.50123     1.05           
 1801         -11.99442     -3.64         -7.729E1      144.89        -7.959E1      134.68        -13.31188     -35.91         
 1810.95      -10.99178     -43.69        -7.889E1      69.49         -8.293E1      111.92        -12.16124     -68.85         
 1820.9       -9.76921      -74.87        -7.937E1      42.82         -7.849E1      20.91         -11.8317      -97.45         
 1830.85      -9.26963      -101.11       -7.987E1      -45.41        -8.529E1      -68.99        -12.84239     -123.06        
 1840.8       -10.29749     -127.53       -7.827E1      -114.38       -7.943E1      -93.17        -15.72162     -149.60        
 1850.75      -14.26907     -160.90       -8.074E1      -138.38       -7.582E1      -145.51       -21.85525     164.57         
 1860.7       -21.12257     109.43        -7.755E1      170.93        -7.622E1      157.18        -20.77624     56.24          
 1870.65      -12.60476     30.03         -7.663E1      97.87         -7.892E1      95.81         -13.8661      11.19          
 1880.6       -7.04333      3.09          -7.627E1      54.45         -7.71E1       32.71         -10.56695     -15.56         
 1890.55      -3.81238      -19.31        -6.819E1      -20.27        -8.267E1      -36.45        -9.47574      -36.38         
 1900.5       -2.58011      -42.71        -6.607E1      -18.81        -7.891E1      157.19        -10.01467     -53.14         
 1910.45      -3.59416      -63.60        -7.659E1      -80.83        -7.319E1      -13.04        -12.37954     -68.19         
 1920.4       -6.93796      -77.35        -7.108E1      -29.31        -7.636E1      39.30         -18.72722     -86.44         
 1930.35      -15.39001     -72.45        -7.142E1      25.46         -7.558E1      108.20        -27.52337     105.13         
 1940.3       -11.61322     40.72         -6.806E1      37.68         -7.756E1      -153.19       -15.17241     71.98          
 1950.25      -3.0844       29.16         -7.097E1      8.35          -7.608E1      173.91        -12.07711     54.11          
 1960.2       -0.87297      6.43          -7.397E1      48.85         -7.58E1       117.37        -11.46481     38.95          
 1970.15      -1.63699      -8.07         -7.018E1      46.19         -7.619E1      84.65         -12.15427     24.07          
 1980.1       -3.40542      -16.29        -7.387E1      70.10         -7.207E1      69.69         -14.17127     6.06           
 1990.05      -5.99642      -25.01        -7.066E1      80.49         -7.398E1      50.68         -18.74473     -23.65         
 2000         -10.99365     -40.84        -7.435E1      28.74         -8.076E1      9.89          -23.89442     -117.57        
