 10           -0.27537      -36.50        -6.438E1      98.10         -6.245E1      92.54         -0.03156      -36.81         
 19.95        -1.13386      -73.06        -4.475E1      -79.98        -4.486E1      -79.32        -0.11283      -73.48         
 29.9         -2.09795      -108.93       -5.003E1      -171.83       -4.993E1      -171.92       -0.2145       -110.25        
 39.85        -2.87927      -145.62       -4.134E1      121.17        -4.131E1      122.40        -0.50501      -147.51        
 49.8         -3.25183      177.16        -4.674E1      -66.50        -4.678E1      -66.04        -0.67556      -179.14        
 59.75        -2.97861      139.87        -5.761E1      -159.75       -5.732E1      -155.27       -0.5193       144.40         
 69.7         -2.24341      103.49        -6.379E1      136.13        -6.28E1       138.91        -0.54874      108.42         
 79.65        -1.39211      67.70         -5.925E1      68.56         -5.909E1      66.19         -0.5957       72.31          
 89.6         -0.81341      31.95         -5.946E1      -16.27        -6.002E1      -18.46        -0.65711      35.88          
 99.55        -0.61343      -4.08         -5.998E1      -121.13       -5.963E1      -119.00       -0.70599      -0.88          
 109.5        -0.92908      -40.08        -5.538E1      144.14        -5.565E1      142.43        -0.77661      -37.73         
 119.45       -1.60197      -76.03        -5.549E1      23.82         -5.554E1      23.62         -0.8253       -74.23         
 129.4        -2.3712       -112.36       -5.685E1      -75.24        -5.681E1      -72.84        -0.80388      -110.69        
 139.35       -3.01738      -149.25       -5.808E1      -164.69       -5.807E1      -163.84       -0.80193      -147.17        
 149.3        -3.26696      173.18        -5.827E1      110.64        -5.835E1      110.09        -0.88134      176.30         
 159.25       -2.99559      135.70        -5.405E1      21.00         -5.392E1      17.92         -1.03534      140.13         
 169.2        -2.4546       99.01         -4.89E1       -51.00        -4.891E1      -50.36        -1.19334      103.91         
 179.15       -1.87403      63.42         -4.393E1      -153.85       -4.404E1      -153.39       -1.41619      67.48          
 189.1        -1.38661      28.37         -4.06E1       120.32        -4.062E1      120.89        -1.62595      31.03          
 199.05       -1.26978      -7.46         -3.906E1      19.00         -3.90E1       19.88         -1.88186      -5.70          
 209          -1.6229       -43.64        -3.782E1      -47.18        -3.786E1      -46.84        -2.15131      -42.94         
 218.95       -2.34228      -80.16        -3.542E1      -138.97       -3.546E1      -138.40       -2.45778      -80.30         
 228.9        -3.19838      -117.46       -3.386E1      139.98        -3.387E1      140.45        -2.87747      -117.42        
 238.85       -3.8879       -155.21       -3.328E1      49.21         -3.327E1      49.66         -3.4514       -153.94        
 248.8        -4.09671      166.95        -3.322E1      -29.69        -3.321E1      -29.18        -4.03434      170.68         
 258.75       -3.89225      129.40        -3.249E1      -115.98       -3.247E1      -115.34       -5.00164      139.41         
 268.7        -3.47997      93.17         -3.369E1      153.98        -3.366E1      154.76        -5.19162      110.71         
 278.65       -2.9662       57.87         -3.609E1      56.15         -3.612E1      56.95         -4.93085      80.36          
 288.6        -2.51478      22.61         -3.965E1      -41.33        -3.963E1      -40.97        -4.6471       45.04          
 298.55       -2.42729      -12.98        -3.923E1      -169.27       -3.922E1      -168.81       -4.63503      8.75           
 308.5        -2.89179      -49.02        -3.607E1      72.17         -3.612E1      72.88         -4.57264      -27.99         
 318.45       -3.76957      -84.69        -3.325E1      -34.23        -3.325E1      -33.44        -4.4763       -65.73         
 328.4        -4.85356      -120.21       -3.334E1      -130.24       -3.337E1      -129.62       -4.47971      -102.91        
 338.35       -5.76943      -158.58       -3.456E1      143.21        -3.456E1      143.44        -4.42252      -139.96        
 348.3        -5.99206      158.89        -3.539E1      65.78         -3.538E1      66.19         -4.5519       -176.39        
 358.25       -5.54341      116.60        -3.536E1      -12.83        -3.534E1      -12.24        -4.63213      148.49         
 368.2        -4.69323      76.76         -3.511E1      -94.02        -3.511E1      -93.32        -4.69305      112.88         
 378.15       -4.00466      39.05         -3.464E1      -175.34       -3.465E1      -174.60       -4.81539      75.45          
 388.1        -3.82455      2.01          -3.368E1      99.45         -3.366E1      99.95         -5.37769      36.85          
 398.05       -4.33219      -34.75        -3.323E1      6.87          -3.326E1      7.66          -6.23863      -1.56          
 408          -5.41127      -72.09        -3.365E1      -88.15        -3.365E1      -87.57        -7.14306      -40.38         
 417.95       -6.94844      -113.42       -3.429E1      177.51        -3.424E1      177.99        -8.08897      -79.64         
 427.9        -8.57962      -160.24       -3.397E1      81.38         -3.395E1      81.96         -8.8269       -119.48        
 437.85       -9.3803       148.89        -3.444E1      -24.89        -3.444E1      -24.18        -9.41126      -159.79        
 447.8        -9.07319      97.76         -3.769E1      -123.20       -3.77E1       -122.75       -10.2063      161.51         
 457.75       -8.63956      51.34         -4.117E1      171.93        -4.112E1      172.56        -10.872       125.52         
 467.7        -8.72622      8.53          -4.075E1      106.90        -4.075E1      107.62        -11.91365     87.56          
 477.65       -9.64415      -33.37        -3.904E1      29.59         -3.907E1      30.29         -14.17101     46.67          
 487.6        -11.65686     -79.20        -3.948E1      -59.87        -3.947E1      -59.33        -18.92797     2.22           
 497.55       -14.42815     -136.07       -4.051E1      -149.77       -4.053E1      -148.88       -29.02531     -62.08         
 507.5        -14.99809     153.84        -4.593E1      103.11        -4.595E1      103.60        -25.65906     152.65         
 517.45       -12.23773     93.14         -5.293E1      -145.54       -5.299E1      -145.31       -18.54039     99.35          
 527.4        -9.66364      46.38         -4.10E1       103.23        -4.098E1      104.01        -15.12209     53.96          
 537.35       -8.38494      6.39          -3.613E1      9.60          -3.617E1      10.28         -12.97856     9.66           
 547.3        -8.05722      -30.66        -3.413E1      -83.21        -3.417E1      -82.70        -11.36574     -35.05         
 557.25       -8.3798       -68.36        -3.40E1       -170.52       -3.40E1       -170.00       -10.03512     -78.93         
 567.2        -9.01773      -109.60       -3.473E1      108.55        -3.47E1       109.29        -8.76748      -121.39        
 577.15       -9.40043      -155.99       -3.562E1      34.17         -3.558E1      35.06         -7.59998      -162.45        
 587.1        -8.85906      157.03        -3.625E1      -36.59        -3.624E1      -35.76        -6.61437      158.36         
 597.05       -7.52647      113.41        -3.642E1      -108.30       -3.637E1      -107.33       -5.82049      120.93         
 607          -6.10252      74.16         -3.672E1      176.84        -3.67E1       177.69        -5.18997      84.66          
 616.95       -4.90342      35.88         -3.749E1      100.86        -3.748E1      101.32        -4.73198      48.42          
 626.9        -4.20923      -0.75         -3.892E1      24.50         -3.89E1       25.57         -4.44625      11.39          
 636.85       -3.97593      -36.20        -4.116E1      -46.40        -4.112E1      -45.52        -4.263        -27.14         
 646.8        -4.05857      -70.57        -4.295E1      -109.27       -4.291E1      -108.44       -4.15119      -67.08         
 656.75       -4.43571      -105.42       -4.373E1      -172.85       -4.382E1      -173.19       -4.03802      -107.14        
 666.7        -4.90717      -142.02       -4.44E1       118.02        -4.439E1      118.27        -3.78542      -146.01        
 676.65       -5.09812      178.04        -4.559E1      46.71         -4.555E1      47.48         -3.38396      176.56         
 686.6        -4.79565      135.78        -4.725E1      -22.86        -4.732E1      -22.56        -2.96936      140.02         
 696.55       -4.02256      93.75         -4.928E1      -89.57        -4.935E1      -89.27        -2.66692      103.93         
 706.5        -3.18157      53.32         -5.159E1      -152.87       -5.157E1      -152.39       -2.55221      68.10          
 716.45       -2.59097      15.42         -5.35E1       148.81        -5.356E1      149.69        -2.587        32.23          
 726.4        -2.39663      -20.14        -5.429E1      88.05         -5.442E1      90.09         -2.65071      -3.98          
 736.35       -2.60247      -54.46        -5.527E1      24.46         -5.433E1      26.37         -2.66224      -41.08         
 746.3        -2.97019      -88.69        -5.598E1      -40.88        -5.598E1      -39.29        -2.59664      -79.65         
 756.25       -3.61506      -125.21       -5.72E1       -101.89       -5.729E1      -102.11       -2.50524      -119.47        
 766.2        -4.08202      -164.62       -5.875E1      -167.96       -5.857E1      -165.49       -2.5013       -159.45        
 776.15       -4.03362      154.19        -5.972E1      125.78        -5.996E1      122.74        -2.57299      161.84         
 786.1        -3.5069       113.15        -6.128E1      56.98         -6.117E1      54.25         -2.64006      125.41         
 796.05       -2.80438      73.63         -6.303E1      -21.49        -6.215E1      -18.99        -2.65356      90.95          
 806          -2.22694      36.16         -6.461E1      -93.35        -6.425E1      -93.33        -2.60748      57.27          
 815.95       -2.00699      0.33          -6.777E1      -168.42       -6.69E1       -170.60       -2.5527       23.02          
 825.9        -2.19172      -34.75        -7.141E1      100.75        -7.068E1      93.40         -2.62532      -13.01         
 835.85       -2.67474      -69.83        -7.438E1      8.23          -7.726E1      -25.85        -2.86793      -51.09         
 845.8        -3.27429      -105.74       -7.338E1      -97.65        -7.404E1      -96.03        -3.20119      -90.36         
 855.75       -3.77755      -143.31       -7.291E1      159.79        -7.669E1      162.98        -3.44819      -129.70        
 865.7        -4.01145      177.27        -7.282E1      76.39         -7.691E1      79.37         -3.46091      -168.07        
 875.65       -3.94694      136.03        -7.183E1      11.39         -7.039E1      10.98         -3.28012      154.98         
 885.6        -3.54325      95.40         -7.179E1      -40.61        -7.418E1      -77.88        -3.07459      119.14         
 895.55       -3.13835      55.57         -7.253E1      -91.45        -7.645E1      -86.20        -2.99368      84.06          
 905.5        -2.87533      18.16         -6.904E1      -127.22       -7.004E1      -140.29       -3.12481      49.44          
 915.45       -2.92067      -17.34        -7.178E1      -174.59       -6.692E1      -179.76       -3.42721      14.85          
 925.4        -3.36949      -52.20        -6.643E1      116.54        -6.483E1      123.80        -3.79495      -20.44         
 935.35       -4.18137      -88.06        -6.354E1      55.52         -6.374E1      69.04         -4.13406      -57.42         
 945.3        -5.15233      -126.38       -6.268E1      0.33          -6.373E1      5.84          -4.41919      -96.87         
 955.25       -6.02237      -168.68       -6.242E1      -55.75        -6.227E1      -55.94        -4.68538      -138.41        
 965.2        -6.20834      147.96        -6.095E1      -116.13       -6.063E1      -115.51       -4.98329      179.70         
 975.15       -5.77838      106.23        -5.931E1      -178.52       -5.927E1      -177.57       -5.2821       139.52         
 985.1        -5.27665      66.73         -5.802E1      117.15        -5.773E1      120.54        -5.5388       102.00         
 995.05       -4.96911      30.14         -5.593E1      49.09         -5.58E1       52.47         -5.75016      66.59          
 1005         -5.1131       -4.67         -5.472E1      -18.70        -5.414E1      -18.32        -5.99891      32.03          
 1014.95      -5.8135       -38.92        -5.325E1      -87.70        -5.282E1      -85.55        -6.42752      -3.23          
 1024.9       -7.14083      -74.43        -5.178E1      -160.23       -5.216E1      -156.96       -7.17326      -40.33         
 1034.85      -8.9109       -113.69       -5.158E1      131.74        -5.162E1      131.49        -8.23411      -79.86         
 1044.8       -10.69258     -159.65       -5.127E1      60.68         -5.145E1      62.03         -9.34442      -121.91        
 1054.75      -11.29109     150.45        -5.122E1      -7.55         -5.135E1      -7.12         -10.06647     -165.28        
 1064.7       -10.8827      104.88        -5.13E1       -74.31        -5.145E1      -74.70        -10.2493      152.80         
 1074.65      -10.25005     63.62         -5.154E1      -142.04       -5.148E1      -141.99       -10.2074      114.16         
 1084.6       -9.98662      27.41         -5.211E1      150.55        -5.177E1      150.54        -10.39782     78.81          
 1094.55      -10.42612     -5.48         -5.19E1       83.05         -5.195E1      85.13         -11.15865     45.75          
 1104.5       -11.76281     -37.53        -5.224E1      18.02         -5.224E1      17.78         -12.65255     13.68          
 1114.45      -14.2107      -70.74        -5.202E1      -47.15        -5.215E1      -45.00        -15.05355     -19.11         
 1124.4       -18.32425     -111.47       -5.229E1      -110.23       -5.194E1      -111.00       -18.71652     -55.98         
 1134.35      -23.49597     176.00        -5.189E1      -175.80       -5.199E1      -176.14       -24.12694     -106.77        
 1144.3       -20.31369     90.93         -5.152E1      116.59        -5.143E1      116.77        -27.8409      164.81         
 1154.25      -16.21603     46.80         -5.105E1      49.24         -5.119E1      49.50         -24.73059     91.25          
 1164.2       -14.22435     14.55         -5.119E1      -18.62        -5.117E1      -20.07        -22.53287     43.68          
 1174.15      -13.92964     -14.89        -5.114E1      -88.58        -5.105E1      -86.24        -21.91492     0.40           
 1184.1       -15.30428     -46.11        -5.123E1      -156.35       -5.117E1      -155.40       -22.39742     -47.26         
 1194.05      -18.55585     -86.58        -5.141E1      133.99        -5.144E1      133.34        -22.81921     -107.10        
 1204         -21.95401     -158.05       -5.194E1      64.72         -5.202E1      64.10         -20.7102      -172.08        
 1213.95      -18.11293     125.23        -5.253E1      -4.09         -5.258E1      -3.86         -17.10906     137.52         
 1223.9       -13.68172     82.99         -5.343E1      -72.12        -5.335E1      -70.26        -14.02339     99.25          
 1233.85      -10.95739     51.17         -5.425E1      -139.24       -5.416E1      -137.85       -11.79407     66.62          
 1243.8       -9.44003      22.01         -5.544E1      154.57        -5.521E1      155.31        -10.35667     35.90          
 1253.75      -8.87699      -7.13         -5.622E1      88.20         -5.587E1      87.87         -9.66789      4.87           
 1263.7       -9.08792      -37.93        -5.693E1      23.32         -5.661E1      24.32         -9.68413      -28.08         
 1273.65      -9.9475       -72.42        -5.783E1      -38.43        -5.774E1      -41.29        -10.22219     -64.58         
 1283.6       -11.12543     -113.84       -5.859E1      -102.62       -5.87E1       -105.14       -10.7847      -106.11        
 1293.55      -11.59559     -163.32       -5.941E1      -168.81       -5.957E1      -166.32       -10.65381     -151.46        
 1303.5       -10.61702     148.53        -6.064E1      130.07        -6.024E1      126.38        -9.68378      164.27         
 1313.45      -8.99075      107.47        -6.072E1      64.07         -6.127E1      65.15         -8.48959      124.24         
 1323.4       -7.63121      72.43         -6.21E1       1.35          -6.141E1      -0.84         -7.62646      88.16          
 1333.35      -6.75665      40.28         -6.269E1      -62.47        -6.261E1      -63.82        -7.21058      54.79          
 1343.3       -6.29249      7.03          -6.35E1       -125.75       -6.36E1       -119.22       -7.08547      22.76          
 1353.25      -6.08546      -25.35        -6.365E1      174.73        -6.453E1      174.17        -7.03777      -9.42          
 1363.2       -6.35261      -58.75        -6.415E1      107.61        -6.357E1      115.21        -6.94174      -43.35         
 1373.15      -7.02655      -94.46        -6.467E1      54.38         -6.406E1      47.57         -6.78944      -80.30         
 1383.1       -7.84928      -134.13       -6.468E1      -11.86        -6.552E1      -14.59        -6.67699      -120.58        
 1393.05      -8.22316      -178.07       -6.584E1      -84.25        -6.505E1      -79.55        -6.66747      -162.93        
 1403         -7.69713      137.36        -6.693E1      -145.47       -6.664E1      -146.34       -6.58614      155.14         
 1412.95      -6.60809      96.01         -6.744E1      144.51        -6.706E1      150.93        -6.21365      115.85         
 1422.9       -5.46252      59.68         -6.813E1      85.94         -6.853E1      83.97         -5.54756      79.87          
 1432.85      -4.64552      26.75         -6.917E1      15.46         -6.821E1      22.96         -4.78291      46.24          
 1442.8       -4.24096      -4.15         -6.892E1      -46.36        -6.857E1      -37.36        -4.21216      13.43          
 1452.75      -4.27166      -34.72        -6.862E1      -101.06       -6.839E1      -105.80       -4.11283      -19.77         
 1462.7       -4.71257      -66.60        -7.035E1      -158.36       -6.974E1      -159.02       -4.55521      -53.89         
 1472.65      -5.5091       -101.88       -6.919E1      145.37        -7.124E1      147.03        -5.34747      -89.66         
 1482.6       -6.27617      -142.24       -7.169E1      90.10         -7.277E1      85.06         -6.06258      -128.31        
 1492.55      -6.47537      174.38        -7.202E1      23.68         -7.196E1      37.39         -6.22185      -170.01        
 1502.5       -5.98992      131.23        -7.389E1      -22.05        -7.237E1      -59.21        -5.73658      147.87         
 1512.45      -5.00757      92.83         -7.248E1      -108.79       -7.322E1      -103.20       -5.13377      108.29         
 1522.4       -4.17032      58.04         -7.432E1      -171.17       -7.346E1      -168.56       -4.86253      72.60          
 1532.35      -3.57315      25.90         -7.568E1      125.22        -7.562E1      135.19        -4.96806      40.55          
 1542.3       -3.38846      -6.06         -7.781E1      70.17         -7.977E1      72.40         -5.23756      10.54          
 1552.25      -3.56097      -38.90        -8.403E1      9.79          -8.599E1      -10.12        -5.42213      -19.66         
 1562.2       -4.04099      -73.00        -8.235E1      -33.64        -7.911E1      -47.60        -5.34983      -52.09         
 1572.15      -4.60899      -108.88       -8.064E1      -130.47       -8.349E1      -130.90       -5.05825      -88.16         
 1582.1       -5.00634      -146.73       -8.246E1      155.90        -7.989E1      131.80        -4.79757      -128.15        
 1592.05      -5.24809      173.28        -7.793E1      100.00        -7.566E1      90.47         -4.84413      -169.93        
 1602         -4.99401      132.13        -7.953E1      26.47         -7.747E1      20.54         -5.10434      149.17         
 1611.95      -4.49854      91.22         -7.918E1      -30.62        -7.766E1      -48.04        -5.13977      110.47         
 1621.9       -3.98419      52.80         -8.148E1      -70.33        -7.832E1      -73.23        -4.68723      73.98          
 1631.85      -3.39583      18.48         -7.606E1      -137.13       -7.82E1       -146.77       -3.88746      39.07          
 1641.8       -2.90907      -11.94        -7.573E1      175.59        -7.568E1      173.80        -3.15381      4.69           
 1651.75      -2.66724      -40.29        -8.067E1      111.10        -8.929E1      -159.89       -2.95072      -29.42         
 1661.7       -2.83716      -69.38        -7.682E1      69.74         -8.295E1      134.44        -3.4754       -62.85         
 1671.65      -3.60672      -102.02       -8.086E1      -27.58        -8.15E1       151.65        -4.5019       -96.30         
 1681.6       -4.91145      -141.17       -8.268E1      45.77         -9.033E1      -162.44       -5.57627      -132.45        
 1691.55      -5.90552      171.91        -8.087E1      -2.81         -8.244E1      165.73        -6.09382      -173.88        
 1701.5       -5.31312      125.55        -8.16E1       97.83         -8.095E1      -94.36        -5.69108      141.45         
 1711.45      -3.735        88.45         -8.364E1      -106.38       -8.044E1      -155.77       -4.96473      99.43          
 1721.4       -2.26192      58.11         -8.382E1      101.40        -7.78E1       -143.17       -4.73667      63.51          
 1731.35      -1.36373      29.18         -8.257E1      146.44        -7.488E1      179.90        -5.08472      33.29          
 1741.3       -1.31687      -1.63         -7.658E1      158.95        -7.951E1      -151.66       -5.6936       5.97           
 1751.25      -2.18995      -35.29        -8.049E1      163.84        -8.558E1      11.60         -6.20078      -22.13         
 1761.2       -3.4214       -72.03        -7.982E1      148.66        -8.541E1      123.96        -6.27195      -54.05         
 1771.15      -4.02145      -110.69       -8.111E1      120.69        -8.173E1      119.77        -5.73459      -91.11         
 1781.1       -3.58507      -147.85       -8.722E1      92.18         -8.202E1      83.72         -4.95393      -131.95        
 1791.05      -2.62418      177.00        -8.295E1      20.20         -8.259E1      10.71         -4.64219      -173.08        
 1801         -2.06555      140.67        -8.328E1      -14.75        -8.036E1      -7.04         -4.98839      148.81         
 1810.95      -2.57134      100.85        -8.053E1      -26.88        -9.958E1      -159.85       -5.51388      112.78         
 1820.9       -3.75743      58.80         -8.072E1      -163.89       -8.564E1      -135.83       -5.54198      75.45          
 1830.85      -4.08301      18.04         -8.535E1      140.93        -8.184E1      -134.84       -4.6717       35.79          
 1840.8       -2.96469      -15.73        -8.957E1      176.25        -9.018E1      167.79        -3.45189      -4.19          
 1850.75      -1.12982      -42.83        -7.277E1      97.65         -7.631E1      146.82        -2.9458       -41.84         
 1860.7       0.56961       -69.26        -7.436E1      67.40         -7.971E1      139.02        -3.47605      -74.27         
 1870.65      1.01467       -99.51        -6.823E1      20.79         -6.991E1      -55.90        -4.67907      -102.20        
 1880.6       -0.6683       -130.92       -6.728E1      -13.98        -6.90E1       -43.39        -6.24917      -130.56        
 1890.55      -3.88415      -166.05       -7.066E1      -79.39        -6.779E1      -108.58       -7.94757      -167.71        
 1900.5       -5.14098      134.30        -7.274E1      -45.19        -7.278E1      120.07        -8.57983      139.40         
 1910.45      1.86834       75.67         -7.411E1      130.06        -6.422E1      -176.58       -7.15542      85.95          
 1920.4       10.8357       11.57         -6.481E1      2.81          -5.933E1      146.04        -5.93544      48.88          
 1930.35      8.55844       -57.31        -6.465E1      -6.22         -6.613E1      90.13         -5.84335      25.07          
 1940.3       4.64552       -74.92        -6.66E1       7.75          -8.566E1      -23.26        -6.49136      7.41           
 1950.25      1.8795        -80.21        -6.848E1      -11.91        -7.982E1      80.35         -7.56745      -10.53         
 1960.2       -0.78994      -85.95        -7.303E1      1.61          -8.523E1      -5.92         -8.94835      -35.75         
 1970.15      -4.52506      -109.60       -7.261E1      11.87         -8.718E1      -44.50        -10.25282     -78.75         
 1980.1       -4.73109      154.31        -7.978E1      -44.79        -8.843E1      -40.07        -9.66281      -141.78        
 1990.05      0.3259        80.13         -7.202E1      167.78        -7.84E1       -169.79       -7.58478      163.73         
 2000         0.17994       53.53         -7.383E1      114.82        -8.239E1      174.48        -6.30268      128.86         
