 10           -0.63948      -16.43        -6.267E1      128.06        -6.054E1      121.05        -0.04554      -35.50         
 19.95        -9.98659      -15.13        -3.935E1      -2.03         -3.926E1      -1.78         -0.15462      -71.28         
 29.9         -1.68774      -3.71         -4.862E1      -120.44       -4.862E1      -119.44       -0.31889      -107.20        
 39.85        -1.32083      -24.08        -4.692E1      -160.10       -4.687E1      -161.24       -0.4785       -143.17        
 49.8         -1.30681      -28.64        -5.43E1       125.37        -5.421E1      125.65        -0.59748      -178.94        
 59.75        -1.38524      -40.86        -5.791E1      76.59         -5.752E1      75.80         -0.65918      145.42         
 69.7         -1.96851      -61.45        -5.702E1      59.23         -5.669E1      61.36         -0.65101      110.05         
 79.65        -4.78661      -94.94        -4.657E1      -37.26        -4.659E1      -37.59        -0.62318      74.87          
 89.6         -4.35483      94.87         -5.012E1      -157.55       -4.998E1      -156.83       -0.61773      39.77          
 99.55        -0.6888       6.25          -7.306E1      105.13        -7.184E1      108.57        -0.62881      4.62           
 109.5        -0.44527      -22.31        -6.406E1      -148.25       -6.526E1      -145.33       -0.67155      -30.56         
 119.45       -0.58327      -39.99        -6.139E1      151.18        -6.167E1      149.96        -0.73364      -66.13         
 129.4        -0.83327      -55.06        -5.916E1      104.82        -5.926E1      102.11        -0.79463      -101.92        
 139.35       -1.18821      -71.64        -6.069E1      54.73         -6.044E1      58.41         -0.85863      -137.85        
 149.3        -2.22547      -91.12        -5.734E1      19.80         -5.726E1      21.66         -0.93287      -173.72        
 159.25       -4.11225      -111.43       -5.346E1      -48.44        -5.348E1      -49.16        -0.99827      150.80         
 169.2        -5.56678      -138.73       -5.192E1      -117.39       -5.208E1      -118.79       -1.03285      115.93         
 179.15       -5.55962      160.48        -4.952E1      120.55        -4.956E1      118.74        -1.01904      81.53          
 189.1        -2.66201      73.62         -5.855E1      4.28          -5.861E1      1.55          -0.94819      47.33          
 199.05       -1.04075      14.95         -7.111E1      -27.06        -7.211E1      -33.98        -0.8696       12.79          
 209          -0.69799      -19.44        -6.585E1      13.92         -6.752E1      7.58          -0.83877      -22.44         
 218.95       -0.74042      -43.43        -6.28E1       -34.66        -6.165E1      -32.27        -0.89821      -58.49         
 228.9        -0.92389      -63.73        -6.064E1      -104.19       -6.083E1      -101.98       -1.02686      -95.00         
 238.85       -1.23749      -83.72        -6.487E1      -157.90       -6.592E1      -165.77       -1.16485      -131.46        
 248.8        -1.67509      -105.91       -6.842E1      157.37        -6.882E1      152.17        -1.23693      -167.44        
 258.75       -2.28976      -133.59       -6.99E1       -165.63       -7.241E1      -158.06       -1.20484      157.21         
 268.7        -2.94673      -171.60       -5.995E1      89.95         -5.939E1      91.73         -1.10714      122.37         
 278.65       -3.14249      135.02        -5.776E1      -5.57         -5.77E1       -6.34         -1.02675      87.76          
 288.6        -2.26607      74.29         -6.227E1      -95.04        -6.125E1      -93.07        -0.99392      53.18          
 298.55       -1.35024      23.21         -7.25E1       -145.94       -7.066E1      -155.15       -1.03468      18.46          
 308.5        -0.98108      -13.87        -9.253E1      -7.84         -7.925E1      -85.07        -1.13084      -16.60         
 318.45       -0.92826      -41.97        -7.425E1      -136.91       -7.442E1      -132.65       -1.22239      -52.14         
 328.4        -1.04027      -65.73        -7.356E1      -178.15       -6.982E1      178.40        -1.29714      -88.14         
 338.35       -1.24625      -88.66        -6.716E1      134.39        -6.636E1      131.30        -1.36432      -124.78        
 348.3        -1.52956      -113.71       -6.29E1       61.88         -6.273E1      66.70         -1.41474      -161.55        
 358.25       -1.89774      -143.80       -6.174E1      5.04          -6.133E1      4.09          -1.47303      162.26         
 368.2        -2.27014      177.70        -6.144E1      -61.59        -6.127E1      -60.02        -1.51081      127.08         
 378.15       -2.36711      129.35        -6.394E1      -134.73       -6.328E1      -133.39       -1.48111      93.07          
 388.1        -1.95756      77.13         -6.881E1      143.12        -6.843E1      147.32        -1.40883      59.82          
 398.05       -1.43621      30.52         -7.27E1       46.40         -7.46E1       69.61         -1.32544      26.30          
 408          -1.12928      -7.27         -8.123E1      -3.47         -7.573E1      -3.40         -1.26118      -8.26          
 417.95       -1.08456      -38.30        -7.776E1      19.12         -7.611E1      29.89         -1.3159       -44.22         
 427.9        -1.22002      -65.75        -7.249E1      -1.17         -7.608E1      11.52         -1.47879      -81.45         
 437.85       -1.45428      -92.16        -6.816E1      -7.25         -7.038E1      7.74          -1.64798      -119.06        
 447.8        -1.78411      -119.86       -6.705E1      -34.74        -6.747E1      -23.01        -1.74673      -156.14        
 457.75       -2.20827      -151.18       -6.424E1      -65.69        -6.401E1      -73.45        -1.70229      167.74         
 467.7        -2.58596      171.48        -6.292E1      -129.12       -6.271E1      -136.60       -1.53712      132.64         
 477.65       -2.68511      127.58        -6.45E1       140.93        -6.521E1      145.19        -1.36851      98.19          
 487.6        -2.32324      79.85         -6.766E1      45.53         -6.958E1      45.60         -1.27651      63.82          
 497.55       -1.7959       34.60         -7.771E1      -25.43        -8.157E1      -18.56        -1.30408      29.41          
 507.5        -1.46948      -4.03         -8.703E1      -12.43        -8.279E1      -34.18        -1.44513      -5.32          
 517.45       -1.39027      -36.54        -7.656E1      -44.97        -7.414E1      -12.26        -1.63596      -40.89         
 527.4        -1.47451      -65.34        -7.106E1      -77.09        -7.003E1      -84.35        -1.80418      -77.62         
 537.35       -1.7143       -93.12        -6.976E1      -139.24       -7.056E1      -151.84       -1.94598      -115.67        
 547.3        -2.11215      -122.51       -7.971E1      145.75        -7.888E1      117.51        -2.07955      -154.51        
 557.25       -2.66786      -155.56       -7.063E1      -118.77       -7.168E1      -114.17       -2.23851      167.20         
 567.2        -3.28968      166.22        -5.975E1      170.48        -5.958E1      169.82        -2.42735      130.66         
 577.15       -3.71984      123.09        -5.233E1      90.43         -5.26E1       90.82         -2.61574      96.30          
 587.1        -3.71582      78.89         -4.754E1      7.14          -4.743E1      6.59          -2.7843       63.81          
 597.05       -3.39957      38.15         -4.467E1      -77.10        -4.456E1      -78.42        -2.91448      32.19          
 607          -3.05181      2.30          -4.295E1      -166.31       -4.293E1      -165.56       -3.04851      0.17           
 616.95       -2.8603       -29.73        -4.257E1      105.13        -4.257E1      105.23        -3.23448      -33.25         
 626.9        -2.87925      -59.52        -4.312E1      20.14         -4.306E1      20.38         -3.48667      -68.60         
 636.85       -3.08305      -88.43        -4.417E1      -57.82        -4.41E1       -57.40        -3.71943      -105.35        
 646.8        -3.40659      -118.00       -4.492E1      -128.41       -4.493E1      -128.39       -3.79433      -142.72        
 656.75       -3.77165      -149.74       -4.509E1      160.14        -4.511E1      159.71        -3.65114      -179.55        
 666.7        -4.06725      174.95        -4.467E1      82.93         -4.473E1      83.03         -3.32829      144.98         
 676.65       -4.17548      135.32        -4.458E1      2.46          -4.465E1      2.63          -2.95476      110.57         
 686.6        -3.98355      92.80         -4.494E1      -76.95        -4.50E1       -77.01        -2.67952      76.82          
 696.55       -3.569        50.89         -4.596E1      -153.25       -4.589E1      -153.92       -2.60417      43.49          
 706.5        -3.13545      12.43         -4.731E1      133.52        -4.726E1      133.84        -2.70672      10.17          
 716.45       -2.8282       -21.90        -4.811E1      64.40         -4.833E1      65.22         -2.89721      -23.74         
 726.4        -2.72045      -53.03        -4.801E1      -2.48         -4.82E1       -2.20         -3.10419      -58.89         
 736.35       -2.81881      -82.69        -4.761E1      -73.01        -4.758E1      -69.70        -3.26554      -95.97         
 746.3        -3.09805      -112.65       -4.766E1      -143.05       -4.766E1      -142.56       -3.35507      -134.83        
 756.25       -3.51728      -144.66       -4.867E1      146.80        -4.861E1      146.92        -3.40953      -174.11        
 766.2        -3.9559       179.72        -5.016E1      78.13         -5.015E1      77.36         -3.42721      147.84         
 776.15       -4.1596       140.20        -5.174E1      12.79         -5.178E1      11.81         -3.37128      112.30         
 786.1        -3.96622      98.76         -5.324E1      -52.62        -5.329E1      -51.86        -3.25415      79.14          
 796.05       -3.49247      58.30         -5.533E1      -117.62       -5.524E1      -115.05       -3.10559      47.25          
 806          -3.03335      20.65         -5.87E1       -176.64       -5.836E1      -175.95       -2.99614      15.21          
 815.95       -2.82811      -13.90        -6.35E1       134.75        -6.37E1       133.95        -3.03875      -18.29         
 825.9        -2.89372      -46.30        -6.558E1      118.47        -6.496E1      118.47        -3.30184      -54.07         
 835.85       -3.14268      -77.70        -6.059E1      74.57         -6.113E1      77.87         -3.70743      -91.81         
 845.8        -3.4769       -109.40       -5.836E1      13.51         -5.831E1      13.23         -4.05427      -130.59        
 855.75       -3.80314      -142.81       -5.68E1       -47.32        -5.629E1      -46.74        -4.10524      -169.25        
 865.7        -4.03109      -178.72       -5.585E1      -111.25       -5.552E1      -110.59       -3.84494      153.52         
 875.65       -4.12576      142.86        -5.60E1       -179.21       -5.598E1      -177.43       -3.44634      118.02         
 885.6        -4.06124      102.82        -5.561E1      108.67        -5.527E1      112.38        -3.11157      83.87          
 895.55       -3.87104      63.14         -5.543E1      34.15         -5.52E1       36.80         -2.98178      50.69          
 905.5        -3.63538      25.36         -5.51E1       -37.90        -5.582E1      -35.57        -3.08592      17.94          
 915.45       -3.42659      -9.92         -5.577E1      -99.63        -5.561E1      -103.51       -3.33844      -15.05         
 925.4        -3.31428      -43.13        -5.664E1      -166.58       -5.621E1      -167.17       -3.64221      -49.34         
 935.35       -3.37489      -75.27        -5.814E1      128.68        -5.69E1       134.66        -3.91101      -86.03         
 945.3        -3.63919      -107.71       -5.782E1      66.50         -5.736E1      69.58         -4.10668      -125.50        
 955.25       -4.07909      -141.66       -5.753E1      3.45          -5.786E1      3.30          -4.22656      -166.50        
 965.2        -4.55052      -178.12       -5.69E1       -57.48        -5.673E1      -55.70        -4.26918      153.37         
 975.15       -4.79499      142.87        -5.619E1      -118.21       -5.613E1      -118.24       -4.21783      116.15         
 985.1        -4.64216      102.85        -5.554E1      179.16        -5.519E1      -179.85       -4.08205      82.12          
 995.05       -4.18867      64.21         -5.503E1      112.34        -5.465E1      113.04        -3.89713      50.30          
 1005         -3.74534      28.11         -5.432E1      45.39         -5.396E1      43.82         -3.74636      19.11          
 1014.95      -3.55393      -5.65         -5.368E1      -22.34        -5.33E1       -25.01        -3.75775      -13.00         
 1024.9       -3.68075      -38.05        -5.324E1      -95.95        -5.294E1      -88.37        -4.03327      -47.10         
 1034.85      -4.0846       -70.48        -5.333E1      -158.99       -5.34E1       -156.63       -4.58426      -83.48         
 1044.8       -4.64439      -104.53       -5.368E1      136.31        -5.393E1      139.98        -5.19376      -121.99        
 1054.75      -5.16948      -141.40       -5.443E1      69.36         -5.424E1      68.31         -5.5062       -161.60        
 1064.7       -5.44217      178.98        -5.433E1      4.64          -5.416E1      1.31          -5.33375      159.36         
 1074.65      -5.37059      138.33        -5.464E1      -60.62        -5.476E1      -64.45        -4.83048      122.11         
 1084.6       -5.0696       99.00         -5.529E1      -124.29       -5.544E1      -128.00       -4.31552      86.94          
 1094.55      -4.75261      62.25         -5.617E1      169.29        -5.58E1       169.75        -4.05201      53.47          
 1104.5       -4.51842      27.79         -5.71E1       102.66        -5.709E1      106.80        -4.09666      21.04          
 1114.45      -4.39759      -5.09         -5.802E1      40.72         -5.733E1      39.10         -4.36891      -11.12         
 1124.4       -4.42114      -37.32        -5.793E1      -15.79        -5.768E1      -19.03        -4.73758      -44.28         
 1134.35      -4.62295      -69.78        -5.683E1      -83.72        -5.748E1      -80.52        -5.08591      -79.90         
 1144.3       -5.03088      -103.25       -5.743E1      -146.94       -5.689E1      -145.21       -5.32918      -118.73        
 1154.25      -5.63361      -138.52       -5.754E1      150.81        -5.744E1      148.70        -5.48637      -159.85        
 1164.2       -6.26949      -176.70       -5.755E1      85.48         -5.776E1      83.88         -5.56919      158.92         
 1174.15      -6.58934      142.32        -5.76E1       16.75         -5.817E1      16.22         -5.55737      120.24         
 1184.1       -6.35456      100.68        -5.821E1      -49.65        -5.885E1      -48.60        -5.42986      84.97          
 1194.05      -5.69762      61.52         -5.882E1      -114.35       -5.913E1      -114.58       -5.19288      52.46          
 1204         -5.03389      26.30         -6.014E1      -179.67       -5.92E1       -176.45       -4.95027      21.32          
 1213.95      -4.68224      -5.66         -6.055E1      113.80        -6.029E1      109.84        -4.88326      -10.07         
 1223.9       -4.74014      -35.95        -6.157E1      45.03         -6.085E1      45.86         -5.16446      -43.07         
 1233.85      -5.19421      -66.37        -6.243E1      -17.42        -6.208E1      -24.84        -5.85424      -78.40         
 1243.8       -5.97984      -99.22        -6.182E1      -84.69        -6.246E1      -88.86        -6.77112      -116.62        
 1253.75      -6.88511      -136.78       -6.276E1      -147.20       -6.333E1      -148.77       -7.41377      -157.54        
 1263.7       -7.45184      -179.55       -6.465E1      148.57        -6.445E1      149.93        -7.32796      161.06         
 1273.65      -7.30586      136.20        -6.568E1      89.91         -6.51E1       82.43         -6.64948      122.19         
 1283.6       -6.65756      95.27         -6.576E1      31.39         -6.564E1      29.43         -5.88664      86.67          
 1293.55      -5.99121      59.18         -6.60E1       -30.78        -6.535E1      -34.71        -5.43711      53.81          
 1303.5       -5.54381      26.40         -6.628E1      -94.69        -6.51E1       -91.12        -5.42827      22.53          
 1313.45      -5.36109      -4.89         -6.626E1      -145.33       -6.648E1      -136.74       -5.79399      -8.34          
 1323.4       -5.41789      -36.04        -6.777E1      154.19        -6.82E1       169.28        -6.35872      -40.47         
 1333.35      -5.71639      -67.96        -6.89E1       111.40        -6.726E1      91.48         -6.94496      -75.67         
 1343.3       -6.24747      -101.20       -6.806E1      27.80         -6.876E1      14.82         -7.40211      -115.11        
 1353.25      -6.96086      -136.27       -6.845E1      -33.72        -6.724E1      -39.02        -7.63995      -157.87        
 1363.2       -7.70785      -174.15       -6.767E1      -97.94        -6.71E1       -99.37        -7.68852      159.01         
 1373.15      -8.18399      144.73        -6.808E1      -157.05       -6.682E1      -156.90       -7.60757      118.65         
 1383.1       -8.04182      102.10        -6.896E1      146.15        -6.807E1      144.24        -7.39109      82.26          
 1393.05      -7.34208      61.69         -6.925E1      85.11         -6.95E1       86.83         -7.06579      49.30          
 1403         -6.53638      25.66         -6.993E1      22.02         -6.919E1      33.74         -6.74924      18.21          
 1412.95      -6.00614      -6.17         -7.015E1      -40.18        -7.045E1      -39.63        -6.63873      -12.62         
 1422.9       -5.91747      -35.29        -6.932E1      -97.04        -6.897E1      -102.96       -6.97701      -44.47         
 1432.85      -6.32868      -63.79        -6.887E1      -156.89       -6.958E1      -158.00       -7.92006      -78.43         
 1442.8       -7.26473      -94.32        -6.845E1      146.39        -7.008E1      143.95        -9.32945      -116.08        
 1452.75      -8.64274      -130.20       -6.936E1      84.20         -7.05E1       77.38         -10.53017     -159.09        
 1462.7       -9.90775      -174.49       -7.101E1      15.56         -7.024E1      18.91         -10.55796     155.00         
 1472.65      -9.95338      136.56        -7.07E1       -45.02        -7.005E1      -44.07        -9.44523      113.25         
 1482.6       -8.86083      93.28         -7.101E1      -109.54       -7.052E1      -105.31       -8.18589      77.72          
 1492.55      -7.72151      58.21         -7.158E1      -166.42       -7.238E1      -163.34       -7.43231      46.49          
 1502.5       -7.03255      27.89         -7.536E1      142.26        -7.329E1      139.00        -7.34589      17.68          
 1512.45      -6.8876       -0.99         -7.633E1      66.91         -7.716E1      70.94         -7.86985      -10.29         
 1522.4       -7.2534       -30.89        -7.71E1       10.19         -7.744E1      5.25          -8.8659       -39.77         
 1532.35      -8.03377      -63.28        -7.656E1      -56.78        -7.611E1      -90.16        -10.13719     -73.82         
 1542.3       -9.03936      -98.84        -7.515E1      -127.00       -7.473E1      -131.63       -11.3371      -115.16        
 1552.25      -10.01206     -137.26       -7.575E1      165.13        -7.585E1      -166.14       -11.9384      -162.88        
 1562.2       -10.7093      -177.87       -7.727E1      112.93        -7.804E1      144.96        -11.76782     149.35         
 1572.15      -11.05431     139.82        -8.309E1      67.15         -8.051E1      47.78         -11.26993     106.82         
 1582.1       -10.90782     96.23         -7.872E1      14.59         -8.009E1      23.41         -10.73621     69.81          
 1592.05      -10.16712     53.96         -8.096E1      -72.46        -7.902E1      -31.41        -10.19334     36.71          
 1602         -9.1322       16.42         -7.872E1      -121.63       -8.214E1      -115.05       -9.70782      5.82           
 1611.95      -8.26785      -15.27        -7.697E1      -168.71       -7.70E1       -175.02       -9.50414      -23.99         
 1621.9       -7.84982      -42.40        -7.858E1      122.07        -8.033E1      134.11        -9.87686      -53.58         
 1631.85      -8.08406      -67.21        -7.898E1      93.40         -7.497E1      75.44         -11.13022     -83.80         
 1641.8       -9.25099      -92.58        -7.861E1      35.61         -8.195E1      22.38         -13.44352     -117.21        
 1651.75      -11.78285     -123.25       -7.796E1      -45.98        -7.905E1      -54.07        -16.48358     -162.06        
 1661.7       -15.71534     -172.47       -7.763E1      -100.81       -7.64E1       -115.64       -17.22709     135.02         
 1671.65      -15.62238     112.79        -7.912E1      -133.03       -7.695E1      -163.51       -14.33731     83.41          
 1681.6       -11.65928     66.58         -7.865E1      164.23        -7.994E1      153.74        -11.66023     49.02          
 1691.55      -9.06097      39.38         -7.662E1      43.29         -8.268E1      52.14         -10.2543      21.98          
 1701.5       -7.83832      17.55         -7.853E1      62.61         -8.415E1      -51.90        -10.04058     -1.81          
 1711.45      -7.7864       -3.90         -7.904E1      -103.50       -7.994E1      -70.14        -10.85898     -24.72         
 1721.4       -9.00107      -28.04        -8.002E1      173.68        -8.049E1      -153.79       -12.66858     -50.20         
 1731.35      -11.63986     -58.98        -8.328E1      -175.06       -8.309E1      171.64        -15.44979     -84.75         
 1741.3       -14.9288      -106.53       -7.763E1      111.84        -7.621E1      131.07        -17.98048     -138.49        
 1751.25      -14.99327     -167.40       -8.155E1      84.32         -8.175E1      75.36         -17.32964     160.33         
 1761.2       -12.68464     148.81        -8.47E1       -38.09        -9.90E1       53.32         -15.57881     114.66         
 1771.15      -11.29616     115.93        -8.141E1      -123.72       -8.337E1      -82.80        -14.75003     78.51          
 1781.1       -11.29635     82.16         -7.783E1      -151.60       -7.765E1      -153.68       -14.6561      44.07          
 1791.05      -12.16526     40.56         -7.665E1      161.39        -7.693E1      169.24        -14.60863     7.13           
 1801         -12.04583     -7.91         -7.889E1      117.27        -7.798E1      115.45        -13.98008     -31.68         
 1810.95      -10.26334     -48.05        -8.021E1      37.86         -8.445E1      79.76         -13.02249     -67.87         
 1820.9       -8.44183      -75.97        -8.316E1      66.20         -8.235E1      9.33          -12.66292     -99.44         
 1830.85      -7.50888      -98.08        -7.933E1      -59.82        -8.518E1      -111.39       -13.5755      -127.85        
 1840.8       -8.15597      -119.32       -8.216E1      -179.94       -8.10E1       -156.67       -16.24053     -158.43        
 1850.75      -11.87848     -141.50       -9.523E1      175.73        -8.258E1      171.12        -20.84442     149.13         
 1860.7       -28.85492     175.61        -9.054E1      163.60        -7.901E1      138.25        -19.02767     62.30          
 1870.65      -12.72689     11.58         -8.18E1       75.72         -8.324E1      -0.44         -13.61234     16.90          
 1880.6       -5.74701      -6.17         -8.288E1      35.55         -8.124E1      -20.17        -10.7106      -11.66         
 1890.55      -1.98103      -25.37        -6.915E1      -30.63        -7.94E1       -57.76        -9.80471      -33.71         
 1900.5       -0.52518      -47.60        -6.731E1      -18.40        -7.394E1      114.32        -10.53832     -51.55         
 1910.45      -1.48307      -66.61        -7.761E1      -30.43        -7.128E1      -2.69         -13.299       -67.93         
 1920.4       -4.513        -76.32        -6.896E1      -26.65        -7.12E1       16.53         -21.19079     -90.16         
 1930.35      -10.72046     -65.05        -7.002E1      2.24          -7.589E1      56.85         -22.81665     98.71          
 1940.3       -9.43158      19.28         -6.879E1      25.00         -7.508E1      -147.36       -13.96923     72.10          
 1950.25      -1.2152       19.26         -7.565E1      1.34          -7.423E1      -166.82       -11.46714     54.77          
 1960.2       0.77098       -0.87         -7.599E1      55.55         -7.692E1      118.83        -11.09686     40.22          
 1970.15      -0.38374      -12.08        -7.144E1      26.15         -7.687E1      61.16         -11.92765     26.12          
 1980.1       -2.52743      -16.83        -7.664E1      91.97         -7.471E1      71.30         -14.10836     9.36           
 1990.05      -5.64939      -22.50        -7.497E1      85.98         -7.687E1      42.65         -19.27174     -17.71         
 2000         -12.21072     -36.28        -8.224E1      66.16         -8.383E1      20.03         -25.75971     -130.00        
