 10           -0.00085      -35.08        -6.808E1      -112.12       -7.283E1      -109.25       -0.02662      -36.30         
 19.95        -0.07492      -70.55        -7.788E1      -135.85       -8.466E1      -153.97       -0.04942      -72.17         
 29.9         -0.19947      -106.20       -8.482E1      -18.43        -8.809E1      177.88        -0.11581      -107.74        
 39.85        -0.34315      -142.11       -7.754E1      -89.99        -8.095E1      -142.13       -0.21629      -143.05        
 49.8         -0.4813       -178.10       -8.381E1      115.34        -8.575E1      86.33         -0.33328      -178.07        
 59.75        -0.57748      145.95        -7.97E1       56.46         -8.09E1       -18.00        -0.44376      146.93         
 69.7         -0.59641      110.48        -7.961E1      8.19          -8.371E1      27.86         -0.50342      111.97         
 79.65        -0.56605      75.68         -8.201E1      -142.99       -8.673E1      -72.15        -0.52974      76.95          
 89.6         -0.53016      41.25         -7.797E1      -139.10       -7.594E1      -127.75       -0.55607      41.75          
 99.55        -0.5056       6.75          -7.365E1      138.83        -7.185E1      128.05        -0.57695      6.21           
 109.5        -0.53729      -28.28        -7.265E1      64.18         -7.16E1       48.67         -0.61173      -29.60         
 119.45       -0.62096      -64.16        -6.274E1      -69.58        -6.226E1      -69.92        -0.65319      -65.69         
 129.4        -0.70577      -100.54       -6.821E1      -172.08       -6.949E1      -171.10       -0.6631       -101.52        
 139.35       -0.78298      -136.69       -7.086E1      53.66         -6.974E1      51.81         -0.64929      -136.69        
 149.3        -0.82781      -172.19       -7.922E1      -66.17        -8.031E1      -73.51        -0.65161      -171.34        
 159.25       -0.83304      153.01        -8.303E1      -113.63       -8.024E1      -77.46        -0.69684      154.46         
 169.2        -0.82108      118.58        -7.242E1      -136.52       -7.455E1      -137.24       -0.77805      120.30         
 179.15       -0.80566      84.00         -7.05E1       159.72        -7.132E1      137.86        -0.87053      85.68          
 189.1        -0.79293      49.12         -7.157E1      82.37         -7.272E1      85.26         -0.92702      50.58          
 199.05       -0.79757      14.01         -6.855E1      -17.16        -6.999E1      -16.95        -0.90647      14.96          
 209          -0.82727      -21.17        -7.027E1      -53.04        -6.864E1      -71.92        -0.85457      -20.98         
 218.95       -0.89913      -56.33        -6.693E1      173.02        -6.803E1      170.14        -0.81343      -56.87         
 228.9        -0.97063      -91.71        -7.20E1       59.24         -6.982E1      54.34         -0.81239      -92.53         
 238.85       -1.0459       -127.62       -7.464E1      -82.28        -7.414E1      -47.11        -0.85219      -127.99        
 248.8        -1.10462      -164.00       -8.19E1       -133.75       -7.654E1      -96.50        -0.90464      -163.20        
 258.75       -1.11191      159.79        -7.852E1      -159.23       -8.155E1      -96.42        -0.92119      161.85         
 268.7        -1.06531      124.37        -7.435E1      148.27        -7.275E1      135.83        -0.89966      127.26         
 278.65       -1.01464      90.12         -7.131E1      33.36         -7.413E1      41.24         -0.886        92.89          
 288.6        -0.95449      56.56         -8.005E1      9.77          -7.967E1      -29.18        -0.89908      58.40          
 298.55       -0.9393       22.93         -7.442E1      -47.00        -7.427E1      -64.12        -0.96216      23.44          
 308.5        -0.99839      -11.81        -7.498E1      -156.17       -7.145E1      -130.84       -1.07014      -12.41         
 318.45       -1.09807      -47.86        -7.288E1      100.91        -7.202E1      89.97         -1.14817      -49.02         
 328.4        -1.21495      -84.81        -7.597E1      32.91         -8.199E1      93.73         -1.16631      -85.72         
 338.35       -1.31119      -121.71       -7.578E1      -41.28        -7.549E1      -22.42        -1.13941      -122.02        
 348.3        -1.32715      -157.71       -8.369E1      -72.32        -8.768E1      151.28        -1.09238      -157.43        
 358.25       -1.29433      167.41        -8.383E1      -112.09       -9.012E1      -102.72       -1.10554      168.07         
 368.2        -1.24758      132.95        -8.432E1      158.69        -8.12E1       159.46        -1.18919      133.99         
 378.15       -1.19298      98.47         -8.88E1       94.28         -9.177E1      84.81         -1.28052      99.79          
 388.1        -1.16234      63.78         -7.522E1      -96.94        -7.516E1      -96.67        -1.35351      65.21          
 398.05       -1.1587       28.68         -7.017E1      135.27        -6.772E1      149.99        -1.36525      30.05          
 408          -1.1821       -6.37         -7.079E1      65.20         -6.985E1      46.37         -1.29841      -5.46          
 417.95       -1.25697      -41.19        -6.889E1      -9.15         -6.914E1      -5.80         -1.24887      -40.93         
 427.9        -1.37372      -76.42        -6.90E1       -69.78        -7.021E1      -81.78        -1.25717      -76.53         
 437.85       -1.48642      -112.55       -7.134E1      -114.46       -7.219E1      -142.21       -1.31021      -112.36        
 447.8        -1.58416      -149.66       -7.407E1      157.19        -7.308E1      152.76        -1.39416      -148.34        
 457.75       -1.60656      172.89        -7.186E1      51.88         -7.514E1      73.23         -1.4206       175.71         
 467.7        -1.51804      136.52        -7.34E1       -39.37        -7.847E1      -54.41        -1.34399      140.24         
 477.65       -1.39076      102.03        -9.284E1      147.97        -8.029E1      -147.88       -1.22922      105.51         
 487.6        -1.27418      68.97         -8.407E1      54.06         -9.759E1      135.17        -1.15873      71.08          
 497.55       -1.2212       36.32         -8.103E1      105.95        -8.181E1      112.28        -1.19033      36.45          
 507.5        -1.2774       2.60          -8.037E1      12.86         -8.254E1      5.02          -1.33567      0.91           
 517.45       -1.43914      -33.24        -8.256E1      -109.47       -8.477E1      -19.63        -1.51607      -36.02         
 527.4        -1.62927      -71.00        -9.399E1      -91.02        -8.764E1      -127.84       -1.60824      -73.82         
 537.35       -1.77338      -109.33       -8.125E1      -88.93        -9.416E1      145.91        -1.57697      -111.39        
 547.3        -1.80512      -146.78       -8.248E1      -152.84       -9.217E1      -17.27        -1.4811       -147.83        
 557.25       -1.7498       177.39        -7.941E1      -174.17       -8.968E1      -179.47       -1.43378      177.14         
 567.2        -1.66873      142.59        -9.841E1      -119.17       -8.80E1       104.10        -1.50281      142.96         
 577.15       -1.59406      107.85        -7.996E1      117.42        -8.753E1      171.18        -1.66058      108.74         
 587.1        -1.53587      72.61         -8.132E1      89.54         -8.636E1      20.37         -1.81528      73.78          
 597.05       -1.50881      37.04         -7.49E1       73.60         -8.536E1      173.32        -1.87323      38.00          
 607          -1.52179      1.66          -8.637E1      15.12         -8.773E1      -55.54        -1.81491      1.76           
 616.95       -1.60276      -33.36        -8.574E1      -149.35       -8.963E1      -62.37        -1.7389       -34.63         
 626.9        -1.76041      -68.71        -8.344E1      134.68        -8.296E1      80.57         -1.74932      -71.30         
 636.85       -1.97575      -105.47       -7.634E1      27.02         -7.967E1      10.21         -1.88109      -108.50        
 646.8        -2.17376      -144.26       -7.133E1      -48.61        -7.093E1      -59.53        -2.05493      -146.47        
 656.75       -2.22444      175.94        -6.922E1      -118.57       -6.843E1      -108.93       -2.11418      175.36         
 666.7        -2.10052      137.36        -6.761E1      -164.61       -6.68E1       -161.95       -2.00535      138.03         
 676.65       -1.89702      101.45        -6.357E1      121.96        -6.274E1      127.95        -1.83146      102.05         
 686.6        -1.74264      67.93         -6.253E1      60.38         -6.186E1      59.04         -1.75498      67.12          
 696.55       -1.76308      34.94         -5.949E1      -27.13        -6.008E1      -28.48        -1.90465      32.13          
 706.5        -1.99612      0.36          -6.717E1      -131.59       -6.651E1      -132.14       -2.27453      -4.51          
 716.45       -2.39157      -37.65        -6.278E1      -110.41       -6.158E1      -118.66       -2.72797      -43.82         
 726.4        -2.89457      -79.11        -6.21E1       126.36        -6.121E1      126.91        -3.08063      -85.15         
 736.35       -3.30317      -121.60       -6.705E1      6.00          -6.362E1      -0.20         -3.19231      -126.90        
 746.3        -3.53912      -162.73       -6.685E1      -53.48        -6.64E1       -47.52        -3.2513       -167.07        
 756.25       -3.85143      158.40        -5.41E1       -174.82       -5.426E1      -177.02       -3.52047      154.04         
 766.2        -4.2532       121.21        -4.996E1      53.83         -4.991E1      52.77         -4.18944      114.85         
 776.15       -4.61751      82.79         -5.183E1      9.11          -5.186E1      6.46          -5.20499      73.45          
 786.1        -5.24227      41.31         -4.503E1      -84.84        -4.502E1      -86.35        -6.60118      27.47          
 796.05       -6.08529      -1.99         -4.457E1      -171.41       -4.456E1      -172.92       -8.51285      -23.68         
 806          -7.66327      -47.82        -4.258E1      103.03        -4.252E1      101.59        -11.54239     -80.39         
 815.95       -10.7533      -98.88        -4.189E1      20.18         -4.189E1      18.73         -16.18816     -152.53        
 825.9        -16.57735     -177.87       -4.011E1      -88.17        -4.001E1      -89.34        -17.39091     100.40         
 835.85       -15.72723     62.65         -4.134E1      156.99        -4.131E1      155.99        -13.04354     28.63          
 845.8        -12.0498      -5.98         -4.106E1      57.81         -4.099E1      56.59         -10.47274     -23.18         
 855.75       -11.28555     -60.85        -4.12E1       -34.69        -4.112E1      -35.84        -9.47842      -71.24         
 865.7        -11.42165     -121.68       -3.929E1      -127.98       -3.922E1      -129.26       -8.89497      -120.73        
 875.65       -11.4284      179.48        -4.238E1      138.71        -4.233E1      137.02        -8.04184      -168.60        
 885.6        -9.97017      139.30        -4.541E1      94.57         -4.536E1      93.46         -6.80779      149.19         
 895.55       -7.88016      108.92        -4.256E1      17.90         -4.252E1      16.84         -5.71293      112.25         
 905.5        -6.41499      78.53         -4.385E1      -64.90        -4.403E1      -66.55        -5.19367      78.02          
 915.45       -5.84645      48.28         -4.703E1      -129.36       -4.671E1      -130.44       -5.21335      44.56          
 925.4        -5.78884      15.75         -4.49E1       159.65        -4.48E1       158.43        -5.64363      8.83           
 935.35       -6.09757      -20.20        -4.775E1      82.31         -4.782E1      82.41         -6.12662      -30.27         
 945.3        -6.16694      -59.71        -4.672E1      -10.98        -4.682E1      -12.07        -6.1969       -71.59         
 955.25       -5.70986      -99.91        -4.847E1      -136.92       -4.851E1      -138.92       -5.86262      -112.01        
 965.2        -5.06399      -140.21       -5.233E1      115.64        -5.218E1      113.36        -5.39738      -149.13        
 975.15       -4.5876       -179.20       -5.993E1      28.69         -5.981E1      25.67         -5.1319       176.01         
 985.1        -4.41219      141.73        -5.305E1      -12.91        -5.29E1       -16.04        -5.17797      141.54         
 995.05       -4.3309       102.31        -5.661E1      -59.70        -5.638E1      -61.08        -5.35242      107.46         
 1005         -4.2067       63.61         -5.483E1      -143.27       -5.456E1      -146.90       -5.28486      73.03          
 1014.95      -4.03217      28.36         -5.816E1      169.21        -5.816E1      168.71        -4.92367      38.49          
 1024.9       -3.86912      -4.24         -5.936E1      179.16        -5.989E1      169.17        -4.51805      5.12           
 1034.85      -4.04692      -34.62        -5.705E1      141.44        -5.673E1      138.06        -4.26654      -27.68         
 1044.8       -4.53338      -64.50        -5.006E1      85.85         -5.013E1      83.14         -4.37855      -61.48         
 1054.75      -5.13092      -98.77        -4.536E1      4.43          -4.502E1      4.35          -4.78312      -98.57         
 1064.7       -5.61491      -139.55       -4.599E1      -73.49        -4.581E1      -73.89        -5.20234      -140.16        
 1074.65      -5.36886      175.52        -4.539E1      -127.19       -4.504E1      -127.48       -5.08347      176.69         
 1084.6       -4.52037      133.86        -4.484E1      158.20        -4.462E1      157.45        -4.41777      136.61         
 1094.55      -3.70812      98.96         -4.571E1      80.21         -4.564E1      81.03         -3.69052      101.79         
 1104.5       -3.24922      68.46         -5.19E1       4.54          -5.179E1      5.20          -3.2985       70.28          
 1114.45      -3.22623      38.21         -5.157E1      -16.82        -5.163E1      -15.21        -3.34187      39.56          
 1124.4       -3.64082      5.84          -5.18E1       -86.00        -5.204E1      -86.38        -3.73273      6.96           
 1134.35      -4.32019      -31.26        -5.293E1      178.46        -5.314E1      172.04        -4.24313      -29.00         
 1144.3       -4.92734      -70.96        -5.785E1      50.05         -5.812E1      45.90         -4.40501      -68.56         
 1154.25      -5.04646      -109.60       -5.931E1      -67.21        -5.85E1       -69.09        -4.20291      -109.01        
 1164.2       -4.78325      -145.39       -5.355E1      177.01        -5.33E1       175.72        -3.89793      -147.64        
 1174.15      -4.58764      -179.48       -5.977E1      58.91         -6.059E1      65.52         -3.90626      175.33         
 1184.1       -4.54922      146.05        -5.612E1      136.10        -5.626E1      138.02        -4.28981      138.82         
 1194.05      -4.54936      108.68        -5.467E1      59.42         -5.449E1      57.51         -4.78344      101.50         
 1204         -4.36838      70.04         -4.957E1      5.08          -4.939E1      1.45          -4.95359      63.64          
 1213.95      -3.95558      33.15         -4.864E1      -83.41        -4.876E1      -85.52        -4.7553       27.84          
 1223.9       -3.59598      0.09          -4.81E1       -155.36       -4.795E1      -157.34       -4.37901      -4.40          
 1233.85      -3.57045      -29.65        -4.966E1      127.78        -4.958E1      125.71        -4.21464      -34.51         
 1243.8       -3.9647       -58.91        -4.793E1      35.31         -4.777E1      33.49         -4.57929      -64.89         
 1253.75      -4.82563      -91.91        -4.654E1      -67.98        -4.633E1      -68.93        -5.57172      -98.08         
 1263.7       -5.92344      -133.43       -4.63E1       168.35        -4.633E1      168.73        -6.80123      -137.08        
 1273.65      -6.4308       179.27        -5.057E1      102.20        -5.036E1      102.00        -7.16125      178.12         
 1283.6       -5.68124      136.90        -4.68E1       39.26         -4.682E1      38.85         -6.30057      135.28         
 1293.55      -4.51278      103.78        -4.729E1      -40.34        -4.723E1      -41.52        -5.15857      100.49         
 1303.5       -3.69308      75.46         -5.102E1      -100.71       -5.11E1       -101.29       -4.38527      70.54          
 1313.45      -3.49898      48.66         -4.927E1      -125.91       -4.934E1      -125.96       -4.25291      42.12          
 1323.4       -3.73446      19.14         -4.744E1      149.73        -4.746E1      148.44        -4.63569      12.08          
 1333.35      -4.43405      -17.19        -5.338E1      89.91         -5.296E1      86.54         -5.2237       -22.27         
 1343.3       -5.17854      -59.35        -5.476E1      58.29         -5.468E1      53.54         -5.44773      -61.13         
 1353.25      -5.42438      -102.45       -5.369E1      21.74         -5.365E1      18.98         -5.00474      -101.05        
 1363.2       -5.34688      -139.72       -5.20E1       -5.23         -5.205E1      -7.23         -4.3398       -138.57        
 1373.15      -5.2162       -171.54       -4.922E1      -87.35        -4.914E1      -88.98        -4.09593      -173.68        
 1383.1       -5.35239      156.69        -5.22E1       -144.03       -5.198E1      -147.84       -4.44587      151.05         
 1393.05      -5.64681      121.17        -5.662E1      164.28        -5.658E1      162.20        -5.19966      113.02         
 1403         -5.7559       80.70         -5.568E1      134.98        -5.536E1      133.91        -5.71496      72.33          
 1412.95      -5.33416      40.40         -5.518E1      94.75         -5.504E1      96.39         -5.33935      32.79          
 1422.9       -4.70794      6.44          -5.423E1      19.81         -5.422E1      18.26         -4.51436      -1.96          
 1432.85      -4.31129      -21.05        -5.801E1      48.45         -5.728E1      46.40         -4.00081      -31.98         
 1442.8       -4.37631      -46.34        -5.039E1      -7.30         -5.00E1       -8.80         -4.20943      -59.93         
 1452.75      -5.16775      -73.82        -5.152E1      -88.48        -5.144E1      -89.40        -5.21274      -89.53         
 1462.7       -6.73542      -109.75       -4.831E1      -90.61        -4.835E1      -91.24        -6.94783      -125.48        
 1472.65      -7.98434      -160.36       -4.329E1      -176.79       -4.329E1      -177.95       -8.30832      -171.62        
 1482.6       -7.05224      145.76        -4.457E1      112.15        -4.455E1      110.40        -7.65494      139.82         
 1492.55      -5.25597      107.37        -4.516E1      48.21         -4.508E1      46.22         -6.11574      102.03         
 1502.5       -4.17177      80.39         -4.813E1      -15.40        -4.829E1      -17.70        -5.15174      72.71          
 1512.45      -3.78437      57.88         -5.103E1      -52.12        -5.101E1      -53.45        -5.11179      46.97          
 1522.4       -4.13501      33.66         -4.747E1      -79.80        -4.744E1      -80.61        -5.8761       21.17          
 1532.35      -5.39807      2.87          -4.547E1      -176.57       -4.546E1      -177.52       -7.25767      -9.19          
 1542.3       -7.17526      -37.20        -5.005E1      58.55         -5.013E1      56.77         -8.44341      -47.26         
 1552.25      -7.8005       -84.63        -5.464E1      -119.31       -5.439E1      -119.74       -8.2375       -89.80         
 1562.2       -7.12044      -125.67       -5.461E1      136.49        -5.471E1      135.95        -7.04128      -127.27        
 1572.15      -6.33171      -156.14       -5.157E1      105.88        -5.166E1      103.57        -6.07256      -159.42        
 1582.1       -6.15495      176.57        -4.85E1       39.25         -4.837E1      37.98         -6.05918      170.24         
 1592.05      -6.81466      145.80        -4.558E1      -32.83        -4.558E1      -34.68        -6.99653      136.31         
 1602         -7.90474      104.71        -4.87E1       -110.70       -4.86E1       -112.90       -8.29457      93.43          
 1611.95      -7.89367      55.34         -5.212E1      167.54        -5.201E1      166.32        -8.2297       44.74          
 1621.9       -6.37331      14.77         -5.712E1      -96.00        -5.69E1       -97.66        -6.53288      4.83           
 1631.85      -4.91758      -12.85        -5.17E1       159.49        -5.159E1      156.37        -4.96909      -24.89         
 1641.8       -4.15732      -33.59        -5.655E1      137.77        -5.665E1      138.94        -4.35497      -49.35         
 1651.75      -4.37966      -53.56        -4.757E1      99.36         -4.773E1      98.22         -4.87903      -72.77         
 1661.7       -6.1225       -77.22        -4.455E1      31.42         -4.466E1      30.26         -6.74756      -99.90         
 1671.65      -10.2759      -115.86       -4.346E1      -33.83        -4.354E1      -35.42        -9.94748      -140.34        
 1681.6       -13.38716     163.03        -4.45E1       -96.00        -4.446E1      -98.08        -11.29265     155.94         
 1691.55      -8.80745      107.81        -4.316E1      -154.97       -4.304E1      -156.79       -8.56592      105.49         
 1701.5       -5.84683      86.13         -4.465E1      136.39        -4.474E1      136.27        -6.28556      75.89          
 1711.45      -4.25784      72.61         -4.667E1      78.78         -4.655E1      77.86         -5.5361       53.55          
 1721.4       -3.61391      58.48         -5.261E1      -5.00         -5.273E1      -8.95         -6.11546      33.09          
 1731.35      -4.24004      38.90         -5.725E1      166.69        -5.639E1      166.15        -7.90526      10.16          
 1741.3       -6.78177      7.25          -4.707E1      40.54         -4.706E1      37.95         -10.81266     -23.93         
 1751.25      -10.7662      -49.40        -4.466E1      -38.74        -4.46E1       -40.29        -12.30096     -77.75         
 1761.2       -9.68434      -114.95       -4.52E1       -83.66        -4.521E1      -84.66        -9.89232      -127.29        
 1771.15      -6.78623      -145.99       -4.142E1      -150.29       -4.148E1      -152.24       -7.66826      -158.31        
 1781.1       -5.06605      -163.85       -4.211E1      150.53        -4.204E1      148.65        -7.02914      178.67         
 1791.05      -4.66319      178.99        -4.292E1      91.88         -4.296E1      89.62         -8.01448      157.88         
 1801         -6.06606      156.42        -4.135E1      38.58         -4.116E1      36.15         -11.0284      131.65         
 1810.95      -10.56536     114.83        -4.168E1      -29.12        -4.167E1      -31.46        -15.94188     75.42          
 1820.9       -12.30361     30.57         -4.421E1      -96.67        -4.402E1      -97.84        -12.67769     -1.32          
 1830.85      -7.35067      -13.81        -4.747E1      -127.83       -4.707E1      -128.83       -7.82485      -31.59         
 1840.8       -4.29363      -30.44        -4.674E1      167.06        -4.671E1      165.85        -5.20651      -49.54         
 1850.75      -2.46569      -41.29        -5.036E1      125.26        -5.045E1      125.35        -4.30772      -64.69         
 1860.7       -1.64294      -53.37        -5.06E1       75.62         -5.046E1      76.06         -4.99261      -78.90         
 1870.65      -2.73254      -69.61        -5.612E1      94.45         -5.776E1      95.96         -7.82126      -94.11         
 1880.6       -7.75095      -83.88        -4.477E1      46.86         -4.479E1      42.48         -15.32707     -117.12        
 1890.55      -29.80449     53.07         -4.551E1      -44.31        -4.577E1      -48.10        -19.38081     95.01          
 1900.5       -5.06673      75.08         -5.095E1      -91.78        -5.156E1      -99.00        -9.36588      65.97          
 1910.45      2.44374       72.15         -5.315E1      -144.22       -5.147E1      -151.39       -5.9214       51.51          
 1920.4       9.0019        61.11         -4.222E1      -108.75       -4.115E1      -116.43       -4.89095      39.61          
 1930.35      13.58245      14.88         -3.577E1      135.54        -3.54E1       139.05        -5.53554      28.53          
 1940.3       8.39111       -24.46        -3.956E1      55.90         -4.021E1      57.59         -8.03523      16.62          
 1950.25      1.81277       -29.63        -4.324E1      2.54          -4.392E1      2.71          -14.31289     -0.37          
 1960.2       -7.17932      -31.67        -4.798E1      -47.97        -4.803E1      -49.58        -23.17977     -147.12        
 1970.15      -14.37593     163.84        -6.306E1      -78.49        -6.435E1      -104.00       -10.63429     174.27         
 1980.1       -2.12183      143.57        -4.786E1      -80.53        -4.796E1      -83.33        -6.64577      159.39         
 1990.05      1.48836       116.14        -5.236E1      -118.48       -5.263E1      -112.88       -5.50216      145.84         
 2000         0.32225       90.25         -4.788E1      -170.89       -4.82E1       -168.99       -6.64264      133.57         
