 10           -0.00107      -35.06        -6.764E1      -117.52       -7.20E1       -112.43       -0.02733      -36.20         
 19.95        -0.07556      -70.54        -7.75E1       -136.10       -8.721E1      -178.49       -0.04747      -71.93         
 29.9         -0.20095      -106.19       -9.697E1      4.80          -9.113E1      -177.32       -0.11062      -107.36        
 39.85        -0.34433      -142.09       -7.67E1       -53.52        -1.066E2      -139.16       -0.20826      -142.54        
 49.8         -0.4831       -178.07       -7.445E1      134.80        -7.757E1      105.87        -0.32703      -177.43        
 59.75        -0.57866      145.96        -7.463E1      49.77         -7.963E1      31.42         -0.43927      147.67         
 69.7         -0.59714      110.49        -7.126E1      25.73         -7.138E1      38.24         -0.50427      112.84         
 79.65        -0.56688      75.69         -7.442E1      -153.84       -7.493E1      -158.68       -0.53215      77.93          
 89.6         -0.53076      41.27         -7.156E1      -166.57       -6.912E1      -174.66       -0.56188      42.89          
 99.55        -0.50622      6.76          -7.101E1      99.57         -6.96E1       105.42        -0.57728      7.52           
 109.5        -0.53918      -28.26        -6.601E1      33.78         -6.46E1       22.12         -0.61427      -28.16         
 119.45       -0.61719      -64.15        -6.486E1      -116.59       -6.505E1      -114.30       -0.64465      -63.99         
 129.4        -0.70667      -100.53       -7.079E1      158.94        -7.052E1      153.39        -0.64974      -99.75         
 139.35       -0.78455      -136.68       -7.345E1      69.89         -7.097E1      68.30         -0.63808      -134.93        
 149.3        -0.82892      -172.18       -8.014E1      -58.68        -8.218E1      -35.82        -0.64513      -169.50        
 159.25       -0.83423      153.02        -9.754E1      -87.17        -8.322E1      -7.92         -0.6892       156.37         
 169.2        -0.82291      118.60        -7.815E1      -95.94        -7.77E1       -80.69        -0.77107      122.30         
 179.15       -0.80646      84.02         -7.385E1      -128.14       -7.983E1      -114.35       -0.86207      87.81          
 189.1        -0.79316      49.14         -6.356E1      -172.18       -6.39E1       -174.62       -0.92605      52.71          
 199.05       -0.79665      14.01         -5.595E1      81.66         -5.566E1      83.26         -0.97714      17.24          
 209          -0.83033      -21.14        -5.634E1      -63.13        -5.592E1      -67.51        -0.88558      -17.90         
 218.95       -0.89904      -56.30        -5.914E1      -178.51       -5.966E1      179.73        -0.82283      -53.77         
 228.9        -0.97025      -91.70        -6.469E1      78.57         -6.397E1      73.41         -0.81388      -89.33         
 238.85       -1.04775      -127.60       -6.97E1       -28.90        -6.825E1      -19.43        -0.85396      -124.68        
 248.8        -1.10585      -163.98       -6.988E1      -108.91       -6.953E1      -95.40        -0.90436      -159.77        
 258.75       -1.11212      159.80        -7.054E1      176.03        -7.372E1      -166.74       -0.92282      165.30         
 268.7        -1.06692      124.38        -7.503E1      105.71        -7.251E1      112.35        -0.90762      130.74         
 278.65       -1.01598      90.14         -7.422E1      28.26         -7.882E1      38.60         -0.89859      96.46          
 288.6        -0.95497      56.58         -7.228E1      52.55         -7.445E1      44.77         -0.91098      62.10          
 298.55       -0.94086      22.94         -6.852E1      -17.28        -6.917E1      -18.95        -0.97651      27.40          
 308.5        -0.99918      -11.79        -6.785E1      -103.66       -6.554E1      -101.51       -1.09617      -8.14          
 318.45       -1.09935      -47.85        -7.26E1       144.09        -7.273E1      133.18        -1.2046       -44.38         
 328.4        -1.21598      -84.80        -7.575E1      109.61        -7.042E1      126.75        -1.24575      -80.69         
 338.35       -1.31273      -121.70       -8.339E1      -44.35        -7.845E1      17.79         -1.2161       -116.74        
 348.3        -1.32831      -157.69       -7.614E1      40.11         -7.378E1      54.93         -1.15803      -152.15        
 358.25       -1.29567      167.43        -9.178E1      -49.38        -8.701E1      -0.92         -1.14875      173.28         
 368.2        -1.2486       132.97        -7.885E1      20.35         -7.937E1      36.95         -1.21225      139.26         
 378.15       -1.19282      98.48         -7.135E1      -40.73        -7.087E1      -36.80        -1.28283      105.17         
 388.1        -1.16423      63.78         -6.484E1      -130.49       -6.503E1      -133.36       -1.34794      70.85          
 398.05       -1.15956      28.69         -6.615E1      138.05        -6.503E1      139.99        -1.35616      36.03          
 408          -1.18307      -6.36         -7.352E1      73.27         -7.105E1      61.10         -1.28703      0.83           
 417.95       -1.25753      -41.18        -7.028E1      43.34         -6.859E1      50.45         -1.23558      -34.45         
 427.9        -1.37554      -76.42        -6.691E1      -6.12         -6.742E1      -0.05         -1.25995      -69.91         
 437.85       -1.48838      -112.54       -6.563E1      -61.92        -6.782E1      -67.31        -1.32552      -105.59        
 447.8        -1.58586      -149.65       -6.877E1      -124.30       -6.88E1       -131.20       -1.42104      -141.46        
 457.75       -1.60772      172.90        -7.175E1      173.74        -6.841E1      172.71        -1.45673      -177.32        
 467.7        -1.5187       136.53        -7.696E1      71.65         -7.541E1      92.18         -1.39096      147.29         
 477.65       -1.39132      102.04        -7.225E1      76.66         -7.429E1      87.05         -1.2706       112.87         
 487.6        -1.27483      68.98         -7.758E1      7.29          -8.379E1      -37.06        -1.16837      78.79          
 497.55       -1.22236      36.32         -8.139E1      34.28         -7.886E1      66.02         -1.17624      44.57          
 507.5        -1.27912      2.61          -7.659E1      -15.93        -8.064E1      -17.96        -1.3061       9.52           
 517.45       -1.43997      -33.24        -7.811E1      -98.76        -8.617E1      -77.22        -1.48967      -26.92         
 527.4        -1.62956      -70.99        -8.593E1      -160.75       -8.298E1      -145.65       -1.60318      -64.47         
 537.35       -1.77372      -109.32       -7.651E1      -59.40        -8.219E1      -40.32        -1.58615      -102.00        
 547.3        -1.80573      -146.77       -7.694E1      -139.78       -8.012E1      -135.74       -1.48244      -138.57        
 557.25       -1.75114      177.40        -7.601E1      171.16        -8.125E1      133.20        -1.41028      -173.71        
 567.2        -1.67065      142.61        -8.728E1      54.37         -7.937E1      82.73         -1.4548       152.19         
 577.15       -1.59574      107.86        -8.089E1      104.23        -9.498E1      64.76         -1.59677      118.29         
 587.1        -1.53607      72.62         -8.167E1      58.27         -8.054E1      29.50         -1.75332      83.81          
 597.05       -1.50947      37.05         -7.603E1      70.43         -8.082E1      -157.24       -1.82938      48.59          
 607          -1.52285      1.68          -8.21E1       89.89         -8.901E1      -30.03        -1.77915      12.88          
 616.95       -1.60383      -33.35        -8.409E1      24.95         -7.944E1      13.08         -1.68751      -23.03         
 626.9        -1.76207      -68.70        -7.724E1      -51.78        -7.508E1      -33.16        -1.66253      -59.20         
 636.85       -1.97692      -105.46       -7.381E1      -130.39       -7.281E1      -118.69       -1.76136      -95.91         
 646.8        -2.17465      -144.25       -7.994E1      -179.81       -7.78E1       -164.03       -1.92605      -133.40        
 656.75       -2.22511      175.96        -8.097E1      171.10        -8.919E1      146.70        -2.0001       -171.31        
 666.7        -2.10103      137.37        -7.991E1      111.37        -8.007E1      138.75        -1.89551      151.41         
 676.65       -1.89777      101.46        -8.065E1      103.23        -7.753E1      135.04        -1.68237      115.47         
 686.6        -1.74394      67.93         -7.643E1      94.30         -7.559E1      106.65        -1.51145      80.75          
 696.55       -1.7644       34.93         -7.191E1      25.07         -7.377E1      32.50         -1.5335       46.25          
 706.5        -1.99674      0.36          -7.77E1       8.24          -7.832E1      5.05          -1.78932      10.51          
 716.45       -2.39194      -37.67        -6.304E1      -28.42        -6.386E1      -41.93        -2.17014      -27.60         
 726.4        -2.89738      -79.12        -6.171E1      -105.18       -6.122E1      -111.66       -2.50011      -68.11         
 736.35       -3.31074      -121.59       -5.654E1      -164.94       -5.763E1      -161.53       -2.65573      -109.65        
 746.3        -3.54986      -162.65       -5.562E1      98.06         -5.542E1      95.81         -2.73807      -150.14        
 756.25       -3.84148      158.53        -6.534E1      -123.62       -6.434E1      -121.45       -2.9709       171.27         
 766.2        -4.23995      121.15        -4.985E1      79.57         -4.984E1      77.16         -3.50903      133.18         
 776.15       -4.61363      82.69         -5.043E1      1.40          -5.043E1      -1.12         -4.41408      93.76          
 786.1        -5.25427      41.26         -4.535E1      -53.14        -4.537E1      -54.25        -5.81515      52.48          
 796.05       -6.10017      -1.89         -4.128E1      -126.22       -4.124E1      -127.91       -7.48185      9.57           
 806          -7.63696      -47.69        -3.905E1      136.10        -3.897E1      134.43        -9.79932      -35.45         
 815.95       -10.74331     -99.07        -4.476E1      46.07         -4.468E1      44.73         -14.42708     -82.52         
 825.9        -16.6013      -178.07       -4.976E1      41.40         -4.963E1      38.96         -27.84563     -130.68        
 835.85       -15.73514     62.58         -4.298E1      -31.51        -4.289E1      -33.31        -19.93814     25.39          
 845.8        -12.09203     -6.00         -4.604E1      -110.62       -4.604E1      -112.62       -13.22149     -21.16         
 855.75       -11.27843     -60.61        -5.683E1      78.06         -5.646E1      75.17         -11.02429     -66.99         
 865.7        -11.37978     -121.66       -4.145E1      -132.54       -4.143E1      -133.81       -9.71335      -115.85        
 875.65       -11.44467     179.39        -4.351E1      114.22        -4.344E1      112.66        -8.6282       -164.24        
 885.6        -9.94395      139.46        -4.203E1      120.50        -4.202E1      119.53        -7.09705      153.80         
 895.55       -7.87714      108.65        -3.736E1      28.67         -3.732E1      27.22         -5.90564      116.66         
 905.5        -6.4503       78.57         -3.86E1       -50.22        -3.86E1       -51.68        -5.39066      83.11          
 915.45       -5.8314       48.32         -4.232E1      -121.95       -4.216E1      -123.82       -5.24798      51.61          
 925.4        -5.7936       15.77         -4.127E1      -164.37       -4.114E1      -166.13       -5.5846       17.70          
 935.35       -6.09485      -20.29        -4.216E1      142.52        -4.208E1      141.94        -5.86482      -19.05         
 945.3        -6.1838       -59.71        -4.351E1      65.28         -4.345E1      64.81         -5.69224      -59.18         
 955.25       -5.71418      -99.86        -4.744E1      43.37         -4.737E1      41.58         -5.06473      -100.59        
 965.2        -5.0587       -140.14       -4.396E1      7.24          -4.39E1       5.41          -4.48689      -140.16        
 975.15       -4.58092      -179.22       -4.511E1      -60.21        -4.50E1       -61.49        -4.15156      -177.10        
 985.1        -4.40988      141.68        -4.171E1      -104.64       -4.157E1      -105.41       -4.19893      147.13         
 995.05       -4.34268      102.26        -4.163E1      -177.10       -4.154E1      -178.17       -4.38214      111.20         
 1005         -4.21684      63.66         -4.164E1      101.52        -4.152E1      99.88         -4.52095      75.24          
 1014.95      -4.02657      28.41         -4.473E1      -1.24         -4.476E1      -3.62         -4.42926      40.60          
 1024.9       -3.86747      -4.25         -4.636E1      -145.15       -4.662E1      -146.71       -4.1805       7.04           
 1034.85      -4.0461       -34.60        -4.384E1      78.00         -4.368E1      76.49         -4.08818      -25.76         
 1044.8       -4.52257      -64.56        -4.307E1      -14.35        -4.295E1      -16.43        -4.3839       -59.20         
 1054.75      -5.13422      -98.82        -4.527E1      -89.87        -4.546E1      -89.79        -5.05421      -95.24         
 1064.7       -5.62125      -139.60       -4.82E1       -157.51       -4.815E1      -157.29       -5.66165      -135.25        
 1074.65      -5.3729       175.49        -5.686E1      -152.86       -5.521E1      -147.47       -5.70664      -177.91        
 1084.6       -4.53045      133.84        -4.662E1      152.93        -4.625E1      152.25        -5.06604      142.16         
 1094.55      -3.71097      99.02         -4.633E1      70.80         -4.634E1      72.22         -4.27632      107.25         
 1104.5       -3.24968      68.46         -5.055E1      23.13         -5.05E1       23.03         -3.82972      75.95          
 1114.45      -3.22677      38.23         -4.606E1      -10.65        -4.609E1      -11.44        -3.83625      46.15          
 1124.4       -3.63535      5.82          -4.645E1      -82.47        -4.648E1      -83.93        -4.16278      14.75          
 1134.35      -4.31903      -31.36        -4.504E1      -157.60       -4.528E1      -158.65       -4.68986      -20.93         
 1144.3       -4.94744      -70.99        -5.292E1      123.20        -5.339E1      121.23        -5.13391      -59.96         
 1154.25      -5.04945      -109.49       -5.115E1      133.08        -5.121E1      132.90        -5.17235      -99.94         
 1164.2       -4.77077      -145.32       -5.279E1      13.42         -5.295E1      14.30         -4.96713      -137.44        
 1174.15      -4.58224      -179.50       -5.913E1      3.43          -6.023E1      -5.76         -4.89584      -173.16        
 1184.1       -4.54437      146.03        -6.048E1      45.43         -6.026E1      42.69         -5.27043      152.20         
 1194.05      -4.55474      108.58        -6.319E1      35.99         -6.253E1      36.73         -5.54678      116.89         
 1204         -4.37439      70.04         -5.241E1      18.23         -5.248E1      14.49         -5.53921      78.89          
 1213.95      -3.95915      33.17         -4.623E1      -79.92        -4.62E1       -81.78        -5.16197      42.21          
 1223.9       -3.59234      0.11          -4.673E1      -171.54       -4.672E1      -173.41       -4.5029       8.98           
 1233.85      -3.56472      -29.68        -5.014E1      135.56        -5.01E1       133.88        -4.00109      -22.33         
 1243.8       -3.97389      -59.00        -4.958E1      76.72         -4.935E1      74.56         -4.19629      -53.25         
 1253.75      -4.84637      -91.90        -4.924E1      27.49         -4.903E1      25.03         -4.97437      -85.95         
 1263.7       -5.94107      -133.27       -4.822E1      -50.05        -4.811E1      -53.29        -6.17909      -125.15        
 1273.65      -6.41286      179.45        -5.242E1      -162.56       -5.214E1      -163.93       -6.94247      -171.20        
 1283.6       -5.66224      136.91        -6.106E1      168.03        -6.03E1       164.46        -6.53602      143.40         
 1293.55      -4.50454      103.74        -5.868E1      77.37         -5.827E1      78.50         -5.55217      106.71         
 1303.5       -3.69308      75.46         -4.78E1       -51.61        -4.769E1      -52.58        -4.79471      76.01          
 1313.45      -3.49802      48.62         -4.524E1      -167.71       -4.529E1      -169.30       -4.71849      47.27          
 1323.4       -3.73434      19.06         -4.461E1      100.98        -4.472E1      99.31         -5.26139      18.23          
 1333.35      -4.44158      -17.21        -4.471E1      5.76          -4.456E1      5.00          -6.05852      -14.76         
 1343.3       -5.18444      -59.39        -5.003E1      -92.51        -4.989E1      -92.75        -6.57933      -52.36         
 1353.25      -5.43039      -102.43       -5.627E1      -128.85       -5.606E1      -127.87       -6.31805      -91.70         
 1363.2       -5.35209      -139.69       -6.429E1      150.99        -6.396E1      146.95        -5.65791      -128.68        
 1373.15      -5.2151       -171.50       -5.743E1      -174.68       -5.738E1      -173.11       -5.29299      -162.92        
 1383.1       -5.35105      156.70        -5.341E1      89.74         -5.329E1      90.63         -5.61973      163.01         
 1393.05      -5.64613      121.12        -5.243E1      8.43          -5.237E1      7.35          -6.47705      127.24         
 1403         -5.7581       80.68         -4.769E1      -72.47        -4.764E1      -75.01        -7.0108       86.99          
 1412.95      -5.33803      40.42         -4.583E1      -176.43       -4.571E1      -178.07       -6.6772       45.51          
 1422.9       -4.71001      6.51          -4.709E1      102.36        -4.709E1      100.94        -5.69067      9.59           
 1432.85      -4.30028      -21.02        -4.572E1      37.41         -4.556E1      35.16         -4.91407      -20.76         
 1442.8       -4.36996      -46.41        -4.716E1      -37.05        -4.702E1      -37.80        -4.92513      -47.28         
 1452.75      -5.17134      -73.95        -4.828E1      -89.46        -4.828E1      -90.70        -5.64646      -73.94         
 1462.7       -6.75071      -109.75       -4.795E1      -120.66       -4.809E1      -122.29       -7.22934      -106.30        
 1472.65      -7.98337      -160.37       -4.333E1      171.17        -4.333E1      169.82        -9.03381      -149.55        
 1482.6       -7.05428      145.71        -4.26E1       91.00         -4.263E1      89.67         -8.95787      158.39         
 1492.55      -5.26114      107.39        -4.408E1      24.79         -4.397E1      23.25         -7.17397      116.28         
 1502.5       -4.17456      80.41         -4.555E1      -53.80        -4.556E1      -56.39        -5.77278      84.16          
 1512.45      -3.78625      57.88         -5.332E1      -103.01       -5.321E1      -104.14       -5.44552      57.49          
 1522.4       -4.13783      33.70         -5.309E1      -102.92       -5.325E1      -103.34       -6.00092      32.00          
 1532.35      -5.39345      2.87          -4.854E1      -176.23       -4.842E1      -177.89       -7.15334      3.00           
 1542.3       -7.16658      -37.20        -5.319E1      81.73         -5.336E1      77.88         -8.41894      -34.89         
 1552.25      -7.79238      -84.66        -5.735E1      154.64        -5.764E1      155.50        -8.58338      -79.69         
 1562.2       -7.11949      -125.65       -5.316E1      41.56         -5.314E1      38.01         -7.75728      -119.59        
 1572.15      -6.32454      -156.19       -5.421E1      -50.81        -5.421E1      -53.68        -6.87799      -152.06        
 1582.1       -6.15747      176.47        -6.024E1      88.47         -5.976E1      90.34         -6.92446      177.60         
 1592.05      -6.84389      145.75        -5.046E1      -57.76        -5.06E1       -59.80        -8.28897      145.18         
 1602         -7.92165      104.87        -4.999E1      -160.52       -4.98E1       -161.89       -10.30766     106.02         
 1611.95      -7.88731      55.53         -4.935E1      75.16         -4.921E1      73.51         -10.46906     55.82          
 1621.9       -6.35855      14.77         -4.675E1      -52.23        -4.674E1      -54.49        -8.35095      12.33          
 1631.85      -4.9121       -12.90        -4.428E1      -172.35       -4.429E1      -174.43       -6.41609      -17.77         
 1641.8       -4.15648      -33.62        -4.967E1      99.48         -4.977E1      98.00         -5.43252      -40.87         
 1651.75      -4.3809       -53.62        -4.97E1       56.40         -4.99E1       54.40         -5.79628      -62.31         
 1661.7       -6.13406      -77.25        -4.802E1      -14.89        -4.809E1      -17.15        -7.48245      -84.21         
 1671.65      -10.27956     -115.82       -5.326E1      -89.14        -5.328E1      -93.59        -10.97628     -117.46        
 1681.6       -13.40618     162.91        -5.903E1      -10.65        -5.909E1      -10.44        -14.7011      177.46         
 1691.55      -8.81803      107.84        -5.047E1      -112.87       -5.022E1      -116.48       -11.65617     113.60         
 1701.5       -5.86311      86.15         -4.741E1      -168.91       -4.729E1      -168.49       -8.39683      83.62          
 1711.45      -4.25975      72.69         -4.658E1      105.30        -4.652E1      103.72        -6.93252      63.21          
 1721.4       -3.59601      58.46         -5.116E1      83.64         -5.123E1      84.30         -6.94104      44.86          
 1731.35      -4.2492       38.79         -4.71E1       17.45         -4.712E1      15.63         -8.30528      24.60          
 1741.3       -6.78375      7.33          -4.719E1      -48.79        -4.703E1      -50.16        -11.10942     -3.00          
 1751.25      -10.75279     -49.52        -5.218E1      -106.50       -5.217E1      -106.63       -13.56716     -53.61         
 1761.2       -9.67765      -115.01       -5.14E1       -83.48        -5.124E1      -85.10        -11.65601     -112.40        
 1771.15      -6.79353      -146.04       -4.425E1      -170.45       -4.425E1      -172.21       -8.94347      -147.55        
 1781.1       -5.07691      -163.86       -4.517E1      117.04        -4.509E1      114.64        -7.64908      -170.62        
 1791.05      -4.66536      179.12        -4.416E1      36.30         -4.406E1      34.38         -8.3003       167.62         
 1801         -6.04946      156.37        -4.795E1      -43.58        -4.79E1       -44.32        -11.36275     143.47         
 1810.95      -10.56747     114.71        -4.816E1      -119.21       -4.797E1      -121.75       -18.16113     93.11          
 1820.9       -12.30329     30.45         -4.997E1      124.12        -4.999E1      122.88        -15.21262     -5.07          
 1830.85      -7.34608      -13.83        -4.738E1      31.63         -4.754E1      30.81         -9.40947      -33.89         
 1840.8       -4.29523      -30.49        -4.557E1      -73.87        -4.557E1      -75.51        -6.631        -48.84         
 1850.75      -2.47031      -41.27        -4.714E1      -145.87       -4.672E1      -146.87       -5.65043      -60.07         
 1860.7       -1.64354      -53.41        -4.373E1      142.65        -4.357E1      142.78        -6.02008      -69.35         
 1870.65      -2.73622      -69.55        -4.698E1      46.75         -4.753E1      41.44         -8.35843      -78.53         
 1880.6       -7.75788      -83.95        -5.775E1      46.65         -5.854E1      43.13         -14.49506     -80.66         
 1890.55      -29.82196     54.81         -5.553E1      85.96         -5.504E1      91.77         -23.5105      13.61          
 1900.5       -5.05658      75.02         -4.595E1      9.59          -4.627E1      12.62         -12.35267     54.57          
 1910.45      2.45353       72.10         -4.629E1      -45.87        -4.676E1      -52.49        -7.89265      51.24          
 1920.4       8.97372       60.93         -3.885E1      -94.85        -3.812E1      -101.85       -6.27587      43.92          
 1930.35      13.61396      15.25         -3.693E1      159.09        -3.61E1       161.61        -6.56388      36.74          
 1940.3       8.39253       -24.67        -3.76E1       88.56         -3.758E1      90.96         -8.38402      30.37          
 1950.25      1.78699       -29.78        -4.099E1      25.01         -4.134E1      25.70         -13.16235     27.54          
 1960.2       -7.22076      -31.61        -4.921E1      -24.14        -4.898E1      -26.68        -25.16764     75.89          
 1970.15      -14.38013     163.74        -4.899E1      44.54         -4.906E1      44.25         -15.1427      160.14         
 1980.1       -2.11296      143.55        -3.879E1      -40.82        -3.873E1      -42.25        -9.7007       162.77         
 1990.05      1.48381       116.05        -3.708E1      -138.02       -3.711E1      -138.83       -7.35911      156.13         
 2000         0.30364       90.24         -4.284E1      149.60        -4.30E1       147.52        -7.39105      148.23         
