 10           -0.00967      -35.88        -6.759E1      -115.15       -7.338E1      -107.50       -0.00634      -36.00         
 19.95        -0.06051      -71.52        -8.551E1      -138.79       -8.948E1      -160.22       -0.03847      -71.94         
 29.9         -0.1561       -107.02       -7.451E1      -6.23         -7.742E1      0.39          -0.11153      -107.81        
 39.85        -0.27779      -142.43       -5.905E1      -81.74        -5.965E1      -86.47        -0.21705      -143.64        
 49.8         -0.40713      -177.47       -5.836E1      112.03        -5.841E1      110.44        -0.33222      -179.22        
 59.75        -0.50482      147.39        -6.096E1      48.27         -6.174E1      43.46         -0.43599      145.11         
 69.7         -0.55082      112.48        -5.766E1      -36.46        -5.784E1      -36.07        -0.50065      109.67         
 79.65        -0.55266      77.68         -6.621E1      -99.72        -6.667E1      -93.78        -0.52115      74.33          
 89.6         -0.57704      42.82         -5.358E1      -103.37       -5.356E1      -104.71       -0.56985      38.95          
 99.55        -0.58498      7.74          -4.809E1      146.41        -4.809E1      146.16        -0.61078      3.62           
 109.5        -0.62259      -27.97        -4.798E1      69.90         -4.794E1      68.87         -0.64646      -32.18         
 119.45       -0.84093      -63.54        -3.711E1      -53.66        -3.711E1      -53.47        -0.7908       -68.54         
 129.4        -0.6952       -99.43        -4.637E1      178.77        -4.645E1      178.84        -0.85795      -104.00        
 139.35       -0.73208      -135.02       -4.856E1      70.98         -4.854E1      71.24         -0.76336      -138.33        
 149.3        -0.74929      -169.86       -5.955E1      -4.75         -5.929E1      -5.75         -0.67431      -173.85        
 159.25       -0.77357      155.75        -5.927E1      -43.77        -5.864E1      -45.23        -0.72583      151.24         
 169.2        -0.80451      121.49        -5.519E1      -122.89       -5.53E1       -122.75       -0.81391      116.57         
 179.15       -0.83008      86.78         -5.285E1      162.03        -5.299E1      160.26        -0.93975      81.62          
 189.1        -0.8546       51.44         -5.299E1      62.55         -5.298E1      62.64         -1.02133      46.67          
 199.05       -0.91858      15.67         -5.244E1      -4.93         -5.275E1      -5.08         -0.97873      11.26          
 209          -0.98322      -20.04        -5.145E1      -41.32        -5.14E1       -43.59        -0.9167       -24.38         
 218.95       -1.21232      -55.26        -4.596E1      -140.42       -4.607E1      -140.34       -0.86231      -59.98         
 228.9        -1.26453      -89.14        -4.882E1      114.74        -4.883E1      114.47        -0.84738      -95.69         
 238.85       -1.2252       -123.90       -5.324E1      54.91         -5.294E1      54.58         -0.89401      -131.39        
 248.8        -1.2202       -159.66       -5.299E1      9.81          -5.286E1      9.35          -0.94681      -167.11        
 258.75       -1.37564      165.05        -4.972E1      -55.58        -4.947E1      -55.85        -0.96658      157.26         
 268.7        -1.35856      131.29        -4.75E1       -140.57       -4.743E1      -140.44       -0.95082      122.02         
 278.65       -1.32252      97.14         -4.728E1      118.58        -4.725E1      119.77        -0.95018      87.27          
 288.6        -1.23453      63.21         -5.023E1      47.65         -5.056E1      47.54         -0.96317      52.47          
 298.55       -1.1641       28.15         -4.651E1      -14.79        -4.663E1      -14.87        -1.075        17.46          
 308.5        -1.20689      -8.32         -4.508E1      -102.19       -4.489E1      -101.71       -1.21468      -18.17         
 318.45       -1.3298       -45.23        -4.396E1      179.49        -4.397E1      179.74        -1.34886      -54.82         
 328.4        -1.45798      -82.29        -4.196E1      97.42         -4.186E1      97.98         -1.44875      -91.51         
 338.35       -1.5311       -118.39       -4.139E1      11.18         -4.135E1      11.53         -1.50049      -127.77        
 348.3        -1.63597      -153.42       -4.183E1      -74.92        -4.188E1      -74.53        -1.52293      -163.20        
 358.25       -1.7453       174.02        -4.289E1      -166.23       -4.289E1      -166.42       -1.6609       162.17         
 368.2        -1.70818      141.49        -5.025E1      152.12        -5.013E1      152.45        -1.90947      129.11         
 378.15       -1.71113      107.89        -4.505E1      85.12         -4.505E1      85.70         -1.96233      96.28          
 388.1        -1.67134      73.92         -4.014E1      -19.36        -4.01E1       -19.29        -1.93885      62.48          
 398.05       -1.62907      37.78         -4.133E1      -118.79       -4.124E1      -119.55       -1.84958      27.53          
 408          -1.7906       1.05          -3.92E1       159.41        -3.925E1      159.18        -1.68538      -7.93          
 417.95       -2.00116      -33.74        -3.68E1       57.60         -3.681E1      57.82         -1.57228      -43.45         
 427.9        -2.0565       -67.95        -3.779E1      -39.70        -3.787E1      -39.73        -1.56535      -79.31         
 437.85       -1.9551       -103.67       -3.905E1      -113.03       -3.908E1      -113.21       -1.60451      -115.24        
 447.8        -1.96096      -140.28       -3.925E1      166.22        -3.925E1      166.11        -1.67157      -151.46        
 457.75       -1.9705       -177.39       -4.011E1      94.57         -4.005E1      95.20         -1.66341      172.08         
 467.7        -2.05494      146.31        -3.988E1      23.10         -3.992E1      23.37         -1.56792      136.11         
 477.65       -2.15042      112.89        -4.086E1      -62.65        -4.086E1      -62.83        -1.47072      101.40         
 487.6        -2.01575      80.81         -4.265E1      -137.77       -4.253E1      -137.59       -1.39751      67.31          
 497.55       -1.90287      47.33         -4.268E1      146.01        -4.266E1      146.11        -1.43415      33.21          
 507.5        -2.06852      13.15         -4.292E1      66.97         -4.292E1      67.38         -1.59325      -1.80          
 517.45       -2.2016       -22.66        -4.313E1      -12.37        -4.307E1      -11.77        -1.80628      -38.30         
 527.4        -2.42453      -60.55        -4.353E1      -79.22        -4.351E1      -78.88        -1.94608      -76.16         
 537.35       -2.59303      -97.59        -4.146E1      -151.02       -4.148E1      -151.70       -1.99646      -114.21        
 547.3        -2.50786      -133.47       -4.144E1      135.28        -4.144E1      135.14        -2.00589      -151.31        
 557.25       -2.44608      -168.51       -4.064E1      63.35         -4.062E1      63.59         -2.09239      172.98         
 567.2        -2.47644      158.22        -4.065E1      -11.37        -4.065E1      -10.76        -2.30384      138.46         
 577.15       -2.41436      125.09        -4.09E1       -93.21        -4.085E1      -93.14        -2.62071      104.01         
 587.1        -2.44437      89.99         -4.139E1      -169.21       -4.138E1      -169.25       -2.96996      69.77          
 597.05       -2.52217      53.97         -4.234E1      103.84        -4.247E1      104.95        -3.14187      35.36          
 607          -2.78233      17.67         -4.531E1      16.85         -4.531E1      16.21         -3.19029      1.43           
 616.95       -3.08507      -16.85        -4.406E1      -86.50        -4.406E1      -85.93        -3.18141      -32.02         
 626.9        -3.21473      -49.03        -4.335E1      178.80        -4.337E1      178.73        -3.18759      -65.36         
 636.85       -3.10459      -83.41        -4.107E1      83.22         -4.106E1      83.12         -3.22441      -99.41         
 646.8        -3.15738      -120.31       -4.238E1      -5.96         -4.232E1      -6.16         -3.2545       -135.51        
 656.75       -3.09919      -158.24       -4.373E1      -82.80        -4.368E1      -82.54        -3.13112      -172.94        
 666.7        -2.97856      163.69        -4.516E1      -132.12       -4.514E1      -131.65       -2.87705      149.53         
 676.65       -2.80741      127.57        -4.326E1      152.47        -4.322E1      152.75        -2.51007      113.15         
 686.6        -2.74173      93.59         -4.546E1      77.50         -4.539E1      78.31         -2.2952       78.29          
 696.55       -2.99065      60.58         -4.713E1      1.49          -4.719E1      2.39          -2.29162      44.55          
 706.5        -3.49201      29.46         -6.711E1      -45.70        -6.655E1      -46.95        -2.50273      9.96           
 716.45       -3.75245      -4.82         -5.126E1      -3.51         -5.153E1      -4.79         -2.91109      -26.47         
 726.4        -4.23535      -42.75        -4.452E1      -85.67        -4.454E1      -86.09        -3.26662      -64.61         
 736.35       -4.58639      -81.61        -4.251E1      -166.16       -4.276E1      -166.15       -3.36181      -104.09        
 746.3        -4.58411      -119.32       -4.161E1      99.86         -4.159E1      99.81         -3.361        -143.10        
 756.25       -4.57319      -154.46       -4.417E1      14.18         -4.414E1      14.64         -3.418        179.78         
 766.2        -4.55926      173.16        -4.475E1      -54.76        -4.475E1      -54.78        -3.68447      143.27         
 776.15       -4.5059       140.72        -4.359E1      -147.54       -4.361E1      -147.50       -4.16382      107.16         
 786.1        -4.58605      106.50        -4.605E1      159.87        -4.612E1      159.95        -4.72452      70.80          
 796.05       -4.53891      71.16         -4.344E1      87.01         -4.347E1      86.75         -5.27672      33.88          
 806          -4.48809      33.89         -4.515E1      32.34         -4.512E1      32.90         -5.87881      -0.56          
 815.95       -4.54007      -3.17         -4.367E1      -32.63        -4.364E1      -32.76        -6.32583      -32.37         
 825.9        -4.96552      -40.42        -3.99E1       -62.66        -3.988E1      -62.48        -7.09095      -63.92         
 835.85       -5.97386      -77.46        -3.507E1      -152.67       -3.506E1      -152.55       -8.10815      -94.42         
 845.8        -7.82208      -115.15       -3.471E1      138.33        -3.473E1      138.53        -9.4365       -126.13        
 855.75       -9.45029      -150.76       -3.34E1       69.16         -3.342E1      69.07         -10.06299     -160.16        
 865.7        -10.53372     175.65        -3.187E1      -8.25         -3.185E1      -8.16         -9.91744      162.27         
 875.65       -9.39614      147.56        -3.304E1      -86.52        -3.304E1      -86.52        -9.27557      128.17         
 885.6        -8.29711      115.39        -3.512E1      -153.91       -3.508E1      -154.01       -8.38337      98.26          
 895.55       -7.83451      87.53         -3.547E1      140.30        -3.543E1      140.23        -7.59759      68.80          
 905.5        -8.03866      61.18         -3.697E1      69.65         -3.694E1      70.03         -7.81266      37.51          
 915.45       -8.81028      36.87         -3.869E1      -11.59        -3.873E1      -11.86        -9.02034      8.49           
 925.4        -9.66315      9.38          -4.647E1      -66.89        -4.646E1      -67.23        -10.62505     -21.56         
 935.35       -11.1052      -22.73        -4.559E1      -85.75        -4.553E1      -86.47        -11.9802      -50.90         
 945.3        -12.02001     -54.51        -4.177E1      174.77        -4.161E1      174.11        -11.90586     -73.99         
 955.25       -12.10984     -83.94        -4.537E1      10.24         -4.542E1      10.34         -9.64609      -101.52        
 965.2        -10.36431     -107.73       -4.426E1      -171.87       -4.431E1      -171.30       -7.18404      -134.81        
 975.15       -8.15721      -137.15       -4.704E1      63.84         -4.729E1      63.76         -5.6619       -171.96        
 985.1        -6.33291      -173.26       -4.54E1       -4.47         -4.544E1      -4.91         -4.86733      150.08         
 995.05       -5.53679      148.12        -4.615E1      -123.99       -4.604E1      -123.86       -4.36305      110.82         
 1005         -4.95134      108.63        -4.903E1      147.40        -4.886E1      147.06        -3.85149      70.83          
 1014.95      -4.2863       69.05         -4.941E1      52.77         -4.92E1       53.12         -3.20917      32.47          
 1024.9       -3.56056      31.85         -5.046E1      -39.56        -5.014E1      -35.62        -2.62079      -3.56          
 1034.85      -3.05868      -3.33         -5.254E1      -115.10       -5.291E1      -113.79       -2.29254      -38.21         
 1044.8       -2.924        -37.22        -5.485E1      179.46        -5.514E1      -174.97       -2.36718      -73.35         
 1054.75      -3.00418      -72.87        -5.557E1      134.05        -5.551E1      134.33        -2.75892      -110.96        
 1064.7       -3.2039       -113.14       -5.37E1       58.75         -5.389E1      60.18         -3.1103       -151.69        
 1074.65      -3.21946      -156.99       -5.601E1      -19.85        -5.712E1      -25.12        -3.02076      166.51         
 1084.6       -2.89405      160.66        -6.047E1      -84.29        -6.186E1      -82.90        -2.52208      127.27         
 1094.55      -2.42313      123.92        -6.598E1      -135.58       -6.578E1      -135.06       -2.00514      92.04          
 1104.5       -2.04733      92.10         -7.035E1      169.64        -7.008E1      167.40        -1.77216      59.39          
 1114.45      -1.86665      61.91         -7.832E1      118.58        -7.433E1      87.65         -1.88485      26.95          
 1124.4       -1.90866      29.80         -8.508E1      79.37         -8.404E1      102.26        -2.21459      -7.36          
 1134.35      -2.15768      -6.80         -7.632E1      -66.42        -9.213E1      14.31         -2.48929      -44.72         
 1144.3       -2.46544      -47.83        -8.037E1      161.77        -7.378E1      147.76        -2.43059      -84.28         
 1154.25      -2.61386      -89.39        -7.377E1      74.75         -7.43E1       67.19         -2.09909      -123.52        
 1164.2       -2.59421      -127.56       -7.471E1      77.51         -7.195E1      78.24         -1.85529      -161.14        
 1174.15      -2.54616      -162.35       -6.701E1      0.76          -7.172E1      -18.97        -1.95527      162.33         
 1184.1       -2.57458      163.77        -6.983E1      -102.18       -6.984E1      -114.36       -2.36756      125.78         
 1194.05      -2.67696      128.15        -7.428E1      151.12        -7.435E1      131.33        -2.80067      88.30          
 1204         -2.72221      90.25         -7.054E1      55.65         -7.158E1      58.36         -2.89389      50.74          
 1213.95      -2.5961       52.46         -6.363E1      -42.86        -6.409E1      -36.04        -2.61724      15.24          
 1223.9       -2.38194      17.59         -6.072E1      -148.60       -6.029E1      -149.51       -2.25545      -17.45         
 1233.85      -2.26358      -13.95        -6.148E1      132.25        -6.186E1      133.25        -2.13464      -48.67         
 1243.8       -2.36288      -44.40        -6.175E1      45.86         -6.14E1       46.77         -2.47349      -80.50         
 1253.75      -2.77123      -77.69        -6.748E1      -34.11        -6.53E1       -28.83        -3.20945      -115.56        
 1263.7       -3.44917      -117.43       -6.594E1      -101.36       -6.437E1      -102.66       -3.9703       -155.68        
 1273.65      -3.94038      -163.17       -6.47E1       170.22        -6.359E1      172.16        -4.08297      161.24         
 1283.6       -3.77732      152.65        -5.85E1       67.79         -5.874E1      74.16         -3.50955      120.95         
 1293.55      -3.25803      116.34        -5.764E1      -20.86        -5.786E1      -19.04        -2.88714      86.02          
 1303.5       -2.82137      86.74         -5.797E1      -97.62        -5.779E1      -95.86        -2.66661      54.63          
 1313.45      -2.71999      59.44         -5.576E1      -148.08       -5.581E1      -145.43       -2.9776       23.77          
 1323.4       -2.96214      30.31         -5.417E1      134.06        -5.457E1      134.52        -3.67244      -9.62          
 1333.35      -3.52947      -4.79         -5.501E1      69.49         -5.437E1      70.61         -4.34973      -47.19         
 1343.3       -4.15463      -46.16        -5.75E1       -16.74        -5.715E1      -16.94        -4.4664       -87.84         
 1353.25      -4.34773      -89.32        -6.124E1      20.18         -6.115E1      16.41         -4.03709      -127.22        
 1363.2       -4.18413      -127.91       -5.039E1      -55.83        -5.058E1      -55.19        -3.6827       -163.58        
 1373.15      -4.03451      -161.11       -4.821E1      -147.70       -4.824E1      -147.20       -3.88533      162.23         
 1383.1       -4.11742      166.78        -5.019E1      117.22        -5.003E1      117.77        -4.59869      127.49         
 1393.05      -4.49599      131.35        -5.434E1      15.37         -5.424E1      15.30         -5.44573      89.88          
 1403         -4.86528      91.49         -6.423E1      -162.94       -6.376E1      -163.55       -5.71438      50.27          
 1412.95      -4.76879      50.31         -5.345E1      43.18         -5.364E1      44.44         -5.18177      13.05          
 1422.9       -4.31257      14.11         -5.788E1      -64.78        -5.771E1      -66.00        -4.45819      -18.90         
 1432.85      -4.08096      -15.64        -6.428E1      172.62        -6.48E1       164.65        -4.03518      -46.92         
 1442.8       -4.22645      -41.69        -6.289E1      -63.31        -6.204E1      -54.41        -4.32257      -75.32         
 1452.75      -5.13352      -69.17        -7.034E1      12.20         -6.883E1      14.34         -5.4545       -107.18        
 1462.7       -6.88675      -102.93       -5.271E1      -98.45        -5.249E1      -98.05        -7.07935      -148.07        
 1472.65      -8.53156      -150.56       -4.863E1      -173.35       -4.862E1      -172.64       -7.85235      161.46         
 1482.6       -8.15242      155.29        -4.724E1      94.29         -4.717E1      94.79         -6.84973      115.56         
 1492.55      -6.36554      115.36        -4.816E1      24.55         -4.809E1      24.71         -5.55236      80.70          
 1502.5       -5.09094      87.44         -5.44E1       -52.22        -5.482E1      -53.70        -5.09592      51.76          
 1512.45      -4.5964       63.82         -5.369E1      -16.96        -5.359E1      -17.78        -5.6709       24.73          
 1522.4       -5.10894      38.26         -4.899E1      -85.26        -4.90E1       -83.64        -7.15178      -5.28          
 1532.35      -6.87525      6.31          -5.263E1      -162.90       -5.244E1      -161.87       -9.36841      -43.91         
 1542.3       -9.4288       -36.59        -5.156E1      -147.33       -5.147E1      -147.32       -10.86013     -91.28         
 1552.25      -10.67903     -89.17        -4.293E1      136.22        -4.296E1      136.47        -10.54297     -135.02        
 1562.2       -9.97019      -130.02       -4.20E1       53.34         -4.198E1      52.90         -10.11392     -165.61        
 1572.15      -9.18535      -157.54       -4.293E1      -4.41         -4.287E1      -4.22         -10.34402     171.91         
 1582.1       -9.53765      -179.09       -4.111E1      -68.65        -4.112E1      -68.55        -11.59182     150.13         
 1592.05      -10.56615     158.08        -4.148E1      -143.92       -4.153E1      -143.97       -14.42638     122.95         
 1602         -12.79806     119.50        -4.744E1      130.15        -4.742E1      129.60        -17.59424     77.20          
 1611.95      -13.66353     60.29         -5.672E1      70.57         -5.66E1       69.81         -15.76721     22.08          
 1621.9       -10.95121     13.15         -5.38E1       164.44        -5.384E1      164.65        -11.88956     -10.27         
 1631.85      -8.79097      -13.82        -4.716E1      65.21         -4.726E1      65.40         -9.44034      -30.54         
 1641.8       -8.14039      -31.16        -5.271E1      11.38         -5.267E1      10.49         -8.44246      -45.15         
 1651.75      -9.02975      -41.27        -5.015E1      -6.87         -5.032E1      -8.18         -8.5329       -58.40         
 1661.7       -11.17281     -43.22        -4.547E1      -54.46        -4.556E1      -55.65        -10.13962     -74.72         
 1671.65      -14.23377     -34.72        -4.25E1       -123.73       -4.246E1      -124.36       -14.68575     -97.00         
 1681.6       -17.68317     -9.38         -4.273E1      161.12        -4.274E1      161.32        -24.24572     -173.43        
 1691.55      -19.01976     31.56         -4.489E1      79.19         -4.492E1      79.83         -15.65045     95.51          
 1701.5       -16.65679     80.05         -6.034E1      25.39         -6.149E1      18.31         -11.4601      72.81          
 1711.45      -11.06458     95.08         -4.955E1      42.68         -4.946E1      43.32         -10.00217     61.36          
 1721.4       -8.13822      92.32         -5.48E1       36.18         -5.521E1      32.36         -10.00966     52.24          
 1731.35      -6.9505       84.55         -4.568E1      -17.54        -4.579E1      -18.93        -10.98382     43.51          
 1741.3       -7.45155      73.55         -4.345E1      -93.30        -4.341E1      -93.21        -13.0374      29.30          
 1751.25      -10.08346     59.12         -4.296E1      -156.35       -4.297E1      -156.15       -16.78375     -2.14          
 1761.2       -15.49809     35.28         -4.674E1      153.17        -4.675E1      154.08        -16.99214     -67.51         
 1771.15      -18.63256     -55.84        -4.392E1      116.80        -4.397E1      116.92        -11.99925     -111.19        
 1781.1       -11.32346     -103.87       -3.995E1      53.22         -3.994E1      53.58         -8.46667      -134.80        
 1791.05      -7.20476      -120.81       -4.179E1      -30.27        -4.176E1      -30.75        -6.66776      -154.22        
 1801         -5.23786      -134.68       -4.431E1      -86.42        -4.431E1      -86.34        -6.6539       -176.36        
 1810.95      -4.83644      -151.11       -4.953E1      -148.28       -4.943E1      -150.30       -8.78878      154.45         
 1820.9       -6.8335       -178.30       -4.963E1      -140.81       -4.971E1      -140.15       -12.47656     97.09          
 1830.85      -12.44218     122.90        -4.527E1      150.24        -4.538E1      150.20        -9.65837      22.13          
 1840.8       -9.71621      36.22         -4.714E1      95.24         -4.696E1      94.04         -5.2013       -13.70         
 1850.75      -4.76372      6.92          -4.741E1      19.35         -4.751E1      18.06         -2.74768      -36.20         
 1860.7       -1.59678      -6.38         -5.909E1      -26.66        -5.937E1      -34.95        -2.01875      -55.57         
 1870.65      0.92889       -18.72        -5.004E1      3.38          -4.95E1       -2.17         -2.89729      -74.41         
 1880.6       2.50808       -39.39        -4.558E1      -57.97        -4.522E1      -59.50        -5.71336      -97.14         
 1890.55      1.05758       -69.38        -4.396E1      -142.32       -4.397E1      -144.26       -11.524       -139.19        
 1900.5       -4.9759       -102.01       -4.58E1       151.79        -4.502E1      149.06        -12.0151      128.28         
 1910.45      -9.96547      163.00        -4.577E1      76.44         -4.61E1       78.12         -6.55602      86.67          
 1920.4       -0.06435      122.66        -6.148E1      -4.08         -6.146E1      -36.65        -3.94795      65.85          
 1930.35      7.73995       120.50        -4.837E1      110.36        -4.983E1      111.61        -3.26112      49.71          
 1940.3       20.42365      123.46        -3.599E1      62.90         -3.60E1       58.52         -4.00259      34.64          
 1950.25      15.2505       -44.48        -4.303E1      -158.89       -4.203E1      -163.89       -6.15051      16.44          
 1960.2       6.05734       -42.12        -5.374E1      -176.59       -5.265E1      -175.96       -10.03955     -15.74         
 1970.15      0.05953       -49.73        -5.895E1      160.87        -5.752E1      166.20        -11.74242     -84.73         
 1980.1       -3.66141      -86.07        -5.576E1      150.31        -5.569E1      148.82        -6.84614      -135.07        
 1990.05      -0.15524      -139.45       -5.587E1      162.07        -5.644E1      163.74        -3.06096      -161.25        
 2000         5.03316       169.27        -4.476E1      81.44         -4.454E1      80.13         -1.09934      176.46         
