 10           -0.00687      -34.51        -6.884E1      -119.69       -7.363E1      -119.23       -0.06753      -36.80         
 19.95        -0.15581      -70.17        -7.643E1      37.96         -7.266E1      51.49         -0.09091      -72.97         
 29.9         -0.3706       -106.03       -6.327E1      2.47          -6.323E1      1.85          -0.16706      -108.78        
 39.85        -0.61564      -142.54       -4.499E1      -75.48        -4.51E1       -78.90        -0.30052      -144.37        
 49.8         -0.75309      -178.18       -6.313E1      105.81        -6.257E1      98.28         -0.43463      -179.24        
 59.75        -0.90651      145.21        -4.73E1       84.16         -4.749E1      82.30         -0.52907      145.74         
 69.7         -0.90223      109.96        -4.248E1      -24.58        -4.245E1      -26.70        -0.61457      110.54         
 79.65        -0.72605      75.25         -5.032E1      -128.71       -5.031E1      -129.83       -0.62088      75.38          
 89.6         -0.6495       40.39         -4.49E1       -106.63       -4.479E1      -109.07       -0.69397      39.59          
 99.55        -0.651        5.90          -3.703E1      140.17        -3.697E1      138.32        -0.78094      4.38           
 109.5        -0.75022      -29.79        -3.44E1       51.85         -3.428E1      50.07         -0.77679      -32.78         
 119.45       -1.14975      -63.85        -2.716E1      -83.45        -2.705E1      -85.37        -1.36248      -68.28         
 129.4        -1.06889      -100.99       -3.318E1      154.68        -3.307E1      152.65        -1.2197       -103.55        
 139.35       -1.22161      -137.10       -3.879E1      43.42         -3.861E1      41.41         -1.05881      -136.71        
 149.3        -1.18942      -173.25       -4.67E1       -31.54        -4.651E1      -34.15        -0.86369      -172.08        
 159.25       -1.1393       150.79        -4.734E1      -57.82        -4.702E1      -59.71        -0.9316       152.66         
 169.2        -1.10532      115.02        -4.244E1      -112.30       -4.239E1      -113.97       -1.14595      117.31         
 179.15       -1.12456      78.47         -3.416E1      179.25        -3.412E1      176.59        -1.6608       80.48          
 189.1        -1.16875      43.28         -3.112E1      60.83         -3.101E1      58.27         -2.8109       50.48          
 199.05       -1.92255      5.00          -3.216E1      -33.42        -3.206E1      -36.01        -1.74039      17.65          
 209          -3.03972      -25.21        -3.28E1       -126.04       -3.267E1      -128.65       -1.47495      -21.09         
 218.95       -1.89569      -51.31        -3.907E1      172.28        -3.902E1      169.58        -1.55116      -58.81         
 228.9        -1.62621      -89.75        -4.11E1       103.48        -4.101E1      100.68        -1.71094      -95.45         
 238.85       -1.66029      -128.36       -4.171E1      63.45         -4.154E1      60.20         -1.79083      -130.54        
 248.8        -1.98893      -167.31       -4.388E1      -6.97         -4.366E1      -9.54         -1.81833      -166.25        
 258.75       -2.17207      155.48        -4.033E1      -24.78        -4.016E1      -27.90        -2.04479      158.86         
 268.7        -2.33419      118.98        -3.499E1      -105.91       -3.488E1      -108.56       -2.04763      125.58         
 278.65       -2.81273      84.84         -3.307E1      147.94        -3.291E1      145.63        -2.16443      91.96          
 288.6        -2.83686      57.50         -3.569E1      37.48         -3.561E1      34.89         -2.11307      58.98          
 298.55       -2.14161      23.80         -3.216E1      -63.73        -3.206E1      -66.35        -2.29791      23.38          
 308.5        -2.21604      -12.55        -3.172E1      -169.67       -3.16E1       -171.93       -2.44143      -12.39         
 318.45       -2.51571      -48.94        -3.236E1      92.75         -3.224E1      90.33         -2.74513      -50.80         
 328.4        -2.36797      -89.40        -3.541E1      16.97         -3.531E1      14.92         -2.99806      -88.01         
 338.35       -3.31768      -132.57       -3.348E1      -39.49        -3.335E1      -41.89        -3.19675      -121.34        
 348.3        -5.01062      -167.02       -3.282E1      -135.41       -3.27E1       -138.04       -2.65337      -155.11        
 358.25       -5.31999      169.05        -3.386E1      151.02        -3.375E1      148.49        -2.56948      169.21         
 368.2        -4.40939      140.19        -3.732E1      55.92         -3.722E1      53.58         -2.62747      135.48         
 378.15       -3.33726      105.32        -3.896E1      -15.11        -3.885E1      -17.40        -2.53841      101.03         
 388.1        -2.96243      65.65         -3.643E1      -102.25       -3.633E1      -104.52       -2.6373       64.45          
 398.05       -3.25295      28.12         -3.372E1      130.56        -3.357E1      128.27        -2.72171      26.94          
 408          -3.44876      -6.94         -3.604E1      46.55         -3.589E1      43.95         -2.9996       -12.44         
 417.95       -3.85252      -44.27        -3.175E1      -28.30        -3.166E1      -30.69        -3.65764      -51.27         
 427.9        -4.98557      -80.70        -2.978E1      -124.10       -2.965E1      -126.54       -4.54264      -87.81         
 437.85       -6.80946      -115.69       -2.97E1       143.85        -2.957E1      141.41        -4.97626      -123.76        
 447.8        -7.42951      -142.99       -3.566E1      45.80         -3.554E1      43.44         -5.75699      -162.12        
 457.75       -7.48232      -174.59       -4.563E1      54.69         -4.55E1       52.93         -6.69863      161.50         
 467.7        -6.73346      153.55        -3.062E1      -51.86        -3.053E1      -54.35        -7.99876      132.28         
 477.65       -4.99621      117.84        -3.329E1      -162.11       -3.317E1      -164.58       -7.90865      107.37         
 487.6        -4.30589      77.33         -3.094E1      96.21         -3.084E1      93.78         -7.77417      80.10          
 497.55       -5.22092      39.36         -3.00E1       -4.48         -2.99E1       -6.87         -8.40457      51.85          
 507.5        -7.60313      8.02          -3.125E1      -88.63        -3.114E1      -91.04        -8.83889      30.77          
 517.45       -9.15291      -5.02         -2.768E1      -170.14       -2.758E1      -172.71       -8.05036      3.46           
 527.4        -7.33159      -31.76        -2.902E1      96.48         -2.892E1      93.94         -7.66843      -29.00         
 537.35       -6.68829      -70.78        -3.328E1      39.99         -3.316E1      37.51         -6.5812       -67.47         
 547.3        -6.31101      -113.83       -3.107E1      -19.86        -3.096E1      -22.19        -5.82242      -105.83        
 557.25       -6.59497      -153.52       -3.077E1      -88.16        -3.066E1      -90.51        -5.02846      -143.16        
 567.2        -7.23057      170.43        -3.258E1      177.70        -3.245E1      175.12        -4.64331      179.74         
 577.15       -7.82658      142.01        -4.017E1      92.88         -4.003E1      90.22         -4.67009      145.90         
 587.1        -7.3688       113.91        -4.555E1      33.28         -4.547E1      30.72         -4.73918      112.87         
 597.05       -6.3167       86.73         -4.981E1      166.96        -4.977E1      165.78        -4.50803      79.16          
 607          -5.28198      52.30         -7.286E1      48.99         -7.28E1       41.53         -4.45275      43.92          
 616.95       -4.44862      18.06         -4.207E1      64.79         -4.193E1      62.14         -4.35556      9.47           
 626.9        -4.18261      -15.75        -3.933E1      -3.25         -3.919E1      -5.59         -4.35335      -24.47         
 636.85       -4.01006      -50.56        -3.732E1      -70.29        -3.718E1      -72.51        -4.58086      -59.37         
 646.8        -4.28716      -88.30        -3.651E1      -140.28       -3.64E1       -142.81       -5.06337      -93.25         
 656.75       -4.74394      -126.47       -3.79E1       162.00        -3.78E1       159.35        -5.35809      -127.40        
 666.7        -4.89946      -165.75       -3.624E1      108.17        -3.614E1      105.53        -5.14923      -163.26        
 676.65       -4.61596      157.25        -3.705E1      18.84         -3.695E1      16.34         -4.61111      161.74         
 686.6        -3.90453      122.59        -4.168E1      -28.71        -4.159E1      -31.27        -3.90221      127.35         
 696.55       -3.39431      90.05         -4.668E1      -66.47        -4.656E1      -68.90        -3.36772      94.51          
 706.5        -2.99883      59.10         -4.322E1      -94.85        -4.312E1      -97.20        -3.07514      62.43          
 716.45       -2.79839      27.80         -4.177E1      -149.29       -4.164E1      -151.88       -3.03044      29.78          
 726.4        -2.84366      -6.87         -3.983E1      148.39        -3.971E1      145.91        -3.10626      -5.34          
 736.35       -2.9354       -44.35        -4.112E1      69.23         -4.082E1      66.38         -3.18869      -42.65         
 746.3        -3.19614      -84.03        -4.597E1      5.94          -4.59E1       3.91          -3.09601      -81.58         
 756.25       -3.33969      -121.71       -5.296E1      8.61          -5.275E1      6.23          -2.89078      -119.52        
 766.2        -3.22977      -158.08       -4.623E1      -39.23        -4.613E1      -41.76        -2.6808       -156.15        
 776.15       -3.12263      166.02        -4.741E1      -92.26        -4.73E1       -94.61        -2.62197      167.99         
 786.1        -3.10121      130.88        -4.522E1      -141.40       -4.507E1      -143.76       -2.75009      132.50         
 796.05       -2.97601      96.04         -4.382E1      154.55        -4.379E1      151.09        -2.85438      97.31          
 806          -2.69646      61.10         -4.72E1       57.55         -4.72E1       55.13         -2.84752      61.97          
 815.95       -2.41502      26.82         -5.479E1      71.66         -5.462E1      68.01         -2.68135      27.77          
 825.9        -2.2751       -6.14         -4.938E1      10.07         -4.922E1      7.64          -2.47264      -5.70          
 835.85       -2.32156      -39.02        -5.105E1      -59.91        -5.076E1      -64.80        -2.39826      -39.09         
 845.8        -2.59536      -73.33        -5.455E1      -129.64       -5.438E1      -132.95       -2.55312      -73.22         
 855.75       -3.01243      -110.88       -6.529E1      -177.85       -6.68E1       179.92        -2.8459       -109.31        
 865.7        -3.32454      -151.84       -6.52E1       -154.69       -6.455E1      -153.33       -3.05234      -147.36        
 875.65       -3.29535      167.12        -5.964E1      158.48        -5.971E1      156.46        -2.93346      174.14         
 885.6        -2.94329      130.24        -6.134E1      77.14         -6.197E1      80.40         -2.55214      137.35         
 895.55       -2.45357      97.83         -8.017E1      -62.00        -8.493E1      -113.90       -2.1621       102.94         
 905.5        -2.106        67.91         -6.448E1      138.28        -6.281E1      136.18        -1.98595      70.35          
 915.45       -1.98417      37.75         -5.54E1       62.55         -5.619E1      61.97         -2.04585      38.07          
 925.4        -2.10247      5.33          -5.548E1      -22.46        -5.558E1      -28.05        -2.25651      4.38           
 935.35       -2.40727      -30.88        -6.101E1      -35.77        -6.107E1      -49.56        -2.44874      -31.41         
 945.3        -2.7797       -69.79        -5.384E1      -89.85        -5.395E1      -94.64        -2.43988      -68.67         
 955.25       -3.01435      -108.73       -5.215E1      -150.69       -5.161E1      -151.13       -2.20521      -105.88        
 965.2        -3.10661      -145.55       -5.198E1      139.16        -5.194E1      136.34        -1.97888      -142.11        
 975.15       -3.08802      179.48        -5.604E1      76.92         -5.608E1      74.36         -1.96328      -177.24        
 985.1        -3.00328      144.40        -5.662E1      45.98         -5.666E1      42.11         -2.16627      147.97         
 995.05       -2.84329      108.13        -5.729E1      -9.10         -5.748E1      -10.71        -2.46572      112.92         
 1005         -2.58693      71.48         -6.192E1      -48.48        -6.208E1      -48.53        -2.60622      77.25          
 1014.95      -2.28282      36.33         -6.117E1      -38.77        -5.992E1      -41.77        -2.51901      41.92          
 1024.9       -2.05606      3.66          -5.516E1      -77.94        -5.544E1      -74.88        -2.32218      7.94           
 1034.85      -2.04376      -27.44        -5.133E1      -131.48       -5.134E1      -133.80       -2.18598      -25.16         
 1044.8       -2.3386       -59.11        -4.942E1      172.41        -4.962E1      173.28        -2.32643      -58.58         
 1054.75      -2.9285       -94.39        -4.794E1      112.62        -4.773E1      109.87        -2.76356      -93.82         
 1064.7       -3.57971      -135.13       -4.649E1      44.63         -4.631E1      42.89         -3.23095      -131.88        
 1074.65      -3.77665      -178.83       -4.712E1      -22.89        -4.72E1       -26.80        -3.35923      -171.94        
 1084.6       -3.35523      140.53        -4.867E1      -86.49        -4.879E1      -88.38        -3.04886      149.32         
 1094.55      -2.74603      106.35        -5.079E1      -148.56       -5.071E1      -150.83       -2.55503      114.10         
 1104.5       -2.26835      76.71         -5.531E1      146.27        -5.512E1      145.29        -2.22742      81.97          
 1114.45      -2.04568      47.92         -6.196E1      114.45        -6.121E1      106.25        -2.23165      50.92          
 1124.4       -2.12195      16.83         -6.246E1      108.79        -6.219E1      102.77        -2.49753      18.86          
 1134.35      -2.47366      -18.40        -6.954E1      122.38        -6.699E1      112.94        -2.854        -15.87         
 1144.3       -2.93904      -57.32        -5.613E1      73.11         -5.594E1      71.95         -2.97939      -53.39         
 1154.25      -3.25976      -96.17        -5.294E1      16.28         -5.281E1      12.42         -2.71238      -92.00         
 1164.2       -3.34251      -132.39       -5.279E1      -56.29        -5.281E1      -58.33        -2.29411      -129.47        
 1174.15      -3.36103      -166.45       -5.40E1       -101.13       -5.289E1      -106.11       -2.10456      -165.65        
 1184.1       -3.40856      159.44        -5.421E1      -168.41       -5.401E1      -169.68       -2.27994      158.92         
 1194.05      -3.41457      123.17        -5.945E1      -177.01       -5.929E1      177.73        -2.68615      122.87         
 1204         -3.2613       84.70         -5.401E1      152.96        -5.394E1      153.20        -3.00208      85.83          
 1213.95      -2.94597      47.30         -5.128E1      80.62         -5.106E1      79.50         -2.95384      49.29          
 1223.9       -2.65151      13.74         -5.096E1      42.74         -5.074E1      40.73         -2.63824      14.97          
 1233.85      -2.55192      -16.30        -5.085E1      -23.25        -5.081E1      -27.13        -2.37273      -16.84         
 1243.8       -2.77393      -45.72        -5.381E1      -61.71        -5.381E1      -65.41        -2.43223      -47.95         
 1253.75      -3.45469      -78.25        -5.054E1      -92.15        -5.026E1      -94.78        -2.97265      -80.31         
 1263.7       -4.50798      -117.95       -4.875E1      -142.39       -4.86E1       -144.23       -3.82335      -116.79        
 1273.65      -5.2343       -164.87       -4.744E1      153.98        -4.721E1      151.84        -4.48371      -158.08        
 1283.6       -4.89979      149.85        -4.872E1      118.85        -4.85E1       116.89        -4.38223      159.68         
 1293.55      -4.02155      113.53        -4.643E1      75.19         -4.634E1      72.43         -3.74501      122.07         
 1303.5       -3.3592       84.09         -4.369E1      28.77         -4.354E1      25.40         -3.2453       89.70          
 1313.45      -3.17826      57.64         -4.134E1      -28.07        -4.114E1      -30.95        -3.20794      60.27          
 1323.4       -3.41714      29.63         -3.988E1      -91.31        -3.976E1      -93.97        -3.73302      30.99          
 1333.35      -4.15067      -3.90         -3.917E1      -149.65       -3.917E1      -152.91       -4.57803      -0.90          
 1343.3       -5.26084      -43.58        -3.932E1      144.52        -3.929E1      141.47        -5.28614      -37.22         
 1353.25      -6.15482      -86.28        -4.056E1      98.76         -4.054E1      95.17         -5.28849      -76.50         
 1363.2       -6.59674      -124.52       -3.882E1      53.65         -3.872E1      50.78         -4.79522      -115.00        
 1373.15      -6.88438      -157.64       -3.60E1       -1.05         -3.588E1      -4.27         -4.43697      -150.83        
 1383.1       -7.47028      173.12        -3.476E1      -79.60        -3.467E1      -82.90        -4.74217      174.60         
 1393.05      -8.05162      142.41        -3.633E1      -148.13       -3.624E1      -151.26       -5.70327      138.80         
 1403         -8.27738      105.62        -3.789E1      157.48        -3.775E1      154.48        -6.83729      100.67         
 1412.95      -7.98571      66.06         -4.027E1      99.09         -4.019E1      96.23         -7.0226       61.28          
 1422.9       -7.01864      33.66         -4.122E1      55.53         -4.113E1      52.59         -6.4055       25.72          
 1432.85      -5.96367      7.42          -3.905E1      7.45          -3.891E1      4.60          -5.59614      -2.35          
 1442.8       -5.45816      -13.86        -3.807E1      -66.88        -3.795E1      -69.90        -5.14738      -27.16         
 1452.75      -5.28952      -32.71        -4.247E1      -135.66       -4.237E1      -138.54       -5.5385       -49.89         
 1462.7       -5.57508      -57.69        -4.666E1      -147.34       -4.661E1      -151.14       -6.70946      -74.12         
 1472.65      -6.99546      -93.10        -4.267E1      147.64        -4.267E1      144.95        -8.5624       -103.20        
 1482.6       -8.2829       -144.49       -4.745E1      82.55         -4.738E1      79.44         -9.65388      -144.96        
 1492.55      -7.24611      160.62        -4.814E1      70.87         -4.791E1      67.68         -8.8716       166.76         
 1502.5       -5.18627      122.17        -4.639E1      24.68         -4.649E1      20.63         -6.69542      128.59         
 1512.45      -3.79843      95.34         -4.391E1      -27.31        -4.376E1      -30.27        -5.04189      98.53          
 1522.4       -2.99541      72.61         -4.165E1      -85.60        -4.159E1      -88.61        -4.34374      71.32          
 1532.35      -2.73595      47.23         -4.137E1      -153.73       -4.131E1      -156.48       -4.51211      43.97          
 1542.3       -3.11776      14.38         -4.168E1      140.27        -4.159E1      137.37        -5.1619       12.59          
 1552.25      -3.92939      -27.37        -4.398E1      63.89         -4.391E1      60.99         -5.68352      -24.35         
 1562.2       -4.25901      -72.13        -5.04E1       13.84         -5.029E1      9.92          -5.21326      -63.57         
 1572.15      -3.9106       -111.10       -5.156E1      1.02          -5.147E1      -1.68         -4.02721      -100.15        
 1582.1       -3.49368      -142.81       -4.854E1      -36.69        -4.856E1      -39.94        -3.06831      -133.29        
 1592.05      -3.39256      -172.54       -4.716E1      -93.23        -4.713E1      -96.00        -2.88163      -165.73        
 1602         -3.72148      152.52        -4.599E1      -160.25       -4.60E1       -162.37       -3.52218      159.02         
 1611.95      -4.19771      108.07        -4.779E1      144.26        -4.762E1      141.18        -4.4173       116.67         
 1621.9       -3.931        60.87         -4.734E1      84.73         -4.738E1      81.33         -4.35923      69.76          
 1631.85      -2.95671      23.60         -4.886E1      16.81         -4.869E1      14.26         -3.08022      28.45          
 1641.8       -2.01275      -2.38         -5.279E1      -42.63        -5.248E1      -46.68        -1.75436      -4.08          
 1651.75      -1.38975      -22.80        -5.682E1      -85.23        -5.597E1      -86.91        -1.08082      -31.63         
 1661.7       -1.27213      -43.97        -5.784E1      -101.83       -5.698E1      -107.87       -1.33194      -58.60         
 1671.65      -2.09723      -72.67        -5.50E1       -143.59       -5.41E1       -151.33       -2.54822      -89.00         
 1681.6       -4.34094      -116.82       -5.486E1      152.42        -5.464E1      151.00        -4.39169      -128.45        
 1691.55      -5.8597       -177.96       -5.654E1      96.42         -5.618E1      100.36        -5.2815       -179.01        
 1701.5       -4.28034      134.05        -5.735E1      57.11         -5.819E1      50.50         -4.18273      133.92         
 1711.45      -2.38938      107.61        -5.817E1      4.37          -5.842E1      2.49          -2.86142      99.15          
 1721.4       -1.02521      89.56         -5.887E1      -39.29        -5.792E1      -50.29        -2.37695      71.92          
 1731.35      -0.15346      70.62         -5.852E1      -95.66        -5.736E1      -100.20       -2.79898      47.06          
 1741.3       -0.05304      43.24         -5.767E1      -150.84       -5.802E1      -149.65       -3.97494      20.16          
 1751.25      -1.43884      1.57          -6.034E1      158.23        -6.099E1      147.66        -5.36527      -13.54         
 1761.2       -3.42075      -51.52        -6.35E1       130.34        -6.441E1      121.91        -5.69059      -54.93         
 1771.15      -3.34591      -98.23        -6.553E1      89.07         -6.463E1      85.02         -4.35387      -94.39         
 1781.1       -2.0368       -127.72       -6.784E1      59.99         -6.676E1      60.38         -2.67646      -126.28        
 1791.05      -0.74326      -148.96       -6.059E1      37.99         -6.092E1      34.74         -1.70882      -154.28        
 1801         0.08632       -172.95       -5.884E1      -19.11        -5.901E1      -21.33        -1.85107      177.07         
 1810.95      -0.45429      149.93        -5.797E1      -77.77        -5.83E1       -82.65        -3.17324      142.82         
 1820.9       -2.99077      95.99         -5.688E1      -147.22       -5.685E1      -148.80       -4.77064      95.71          
 1830.85      -3.94208      39.99         -5.963E1      147.06        -6.019E1      145.49        -4.00385      41.47          
 1840.8       -2.35396      6.51          -6.226E1      120.66        -6.202E1      118.31        -1.59721      1.26           
 1850.75      -0.32549      -10.86        -6.009E1      88.21         -6.185E1      87.08         0.17371       -26.92         
 1860.7       1.7832        -24.84        -5.95E1       48.37         -6.119E1      44.93         0.8373        -50.28         
 1870.65      3.61808       -46.34        -5.717E1      18.83         -5.64E1       -9.00         0.27707       -73.32         
 1880.6       3.00606       -83.60        -5.707E1      -46.81        -5.597E1      -56.96        -1.75531      -100.17        
 1890.55      -1.99228      -128.44       -5.751E1      -107.59       -5.634E1      -116.45       -5.36642      -140.10        
 1900.5       -4.97899      162.94        -5.814E1      -148.65       -5.729E1      -172.33       -7.2501       154.23         
 1910.45      0.87979       123.86        -5.497E1      158.36        -5.351E1      167.80        -4.54467      102.41         
 1920.4       7.69351       119.77        -5.294E1      117.86        -5.538E1      140.61        -2.46334      73.82          
 1930.35      17.83439      139.34        -4.611E1      113.46        -4.873E1      101.95        -1.85763      53.72          
 1940.3       17.40936      -86.69        -5.177E1      -124.01       -5.106E1      -147.07       -2.50072      35.99          
 1950.25      8.13068       -66.62        -6.577E1      -110.59       -6.136E1      -159.85       -4.34084      16.18          
 1960.2       2.1737        -65.88        -6.867E1      -129.56       -6.534E1      -157.76       -7.35164      -13.96         
 1970.15      -2.31291      -88.51        -6.653E1      -157.66       -6.247E1      -162.77       -9.17197      -68.68         
 1980.1       -0.93754      -136.43       -5.889E1      156.87        -5.87E1       156.02        -5.94691      -120.25        
 1990.05      4.909         177.74        -5.786E1      89.51         -5.654E1      78.43         -2.38576      -150.47        
 2000         6.34045       119.95        -5.887E1      15.68         -5.753E1      17.65         -0.24806      -174.36        
