 10           0.00802       -36.74        -6.14E1       95.48         -6.019E1      85.03         -0.18948      -36.76         
 19.95        -0.06084      -73.90        -4.388E1      40.33         -4.381E1      39.48         -0.6422       -73.36         
 29.9         -0.55558      -107.52       -2.336E1      -145.50       -2.333E1      -146.66       -2.13621      -107.28        
 39.85        -0.361        -145.57       -3.542E1      135.24        -3.534E1      134.12        -2.01273      -145.24        
 49.8         -0.59447      179.45        -3.418E1      9.28          -3.414E1      8.10          -2.51664      177.08         
 59.75        -0.59359      143.32        -4.50E1       -82.61        -4.485E1      -83.48        -2.33632      140.82         
 69.7         -0.62129      107.54        -4.503E1      -138.77       -4.504E1      -140.13       -1.8527       103.79         
 79.65        -0.70814      71.81         -4.603E1      160.58        -4.608E1      160.46        -1.45774      67.49          
 89.6         -0.70258      36.13         -4.032E1      57.86         -4.028E1      57.24         -1.06046      32.08          
 99.55        -0.72857      0.15          -3.875E1      -45.75        -3.87E1       -46.94        -1.1987       -0.93          
 109.5        -0.75528      -37.10        -4.207E1      -100.29       -4.204E1      -100.38       -1.01097      -36.44         
 119.45       -0.86526      -74.74        -3.657E1      169.42        -3.654E1      168.60        -1.53948      -73.26         
 129.4        -0.96872      -111.48       -3.964E1      69.56         -3.955E1      68.51         -2.06696      -109.41        
 139.35       -1.06625      -147.77       -4.239E1      12.12         -4.229E1      11.56         -2.41388      -146.93        
 149.3        -1.22508      177.20        -4.015E1      -44.91        -4.007E1      -45.72        -2.56412      174.84         
 159.25       -1.33169      142.88        -3.747E1      -128.27       -3.74E1       -129.19       -2.43333      136.32         
 169.2        -1.45859      108.32        -3.422E1      147.96        -3.42E1       146.53        -2.36931      95.97          
 179.15       -1.43571      72.56         -3.115E1      21.80         -3.109E1      20.71         -2.96134      62.54          
 189.1        -1.49173      34.45         -3.47E1       -108.79       -3.461E1      -109.96       -2.29025      32.78          
 199.05       -1.5961       -4.18         -3.908E1      170.65        -3.904E1      169.35        -1.42134      -5.38          
 209          -1.64349      -43.35        -4.093E1      100.99        -4.091E1      100.23        -1.49959      -44.07         
 218.95       -1.78076      -82.74        -4.10E1       31.97         -4.09E1       30.44         -2.03234      -82.71         
 228.9        -2.08237      -121.94       -3.787E1      -34.91        -3.781E1      -35.95        -2.8248       -122.21        
 238.85       -2.37851      -161.20       -3.597E1      -96.85        -3.593E1      -97.80        -3.55658      -164.52        
 248.8        -2.91721      159.95        -3.286E1      178.09        -3.283E1      177.13        -4.15994      150.14         
 258.75       -3.2553       121.51        -3.055E1      113.89        -3.052E1      112.81        -4.9087       103.36         
 268.7        -3.95779      82.94         -2.552E1      29.26         -2.547E1      28.20         -6.71823      66.02          
 278.65       -4.77475      44.30         -2.498E1      -70.62        -2.496E1      -71.79        -5.68733      38.84          
 288.6        -6.3202       5.07          -2.57E1       -157.33       -2.564E1      -158.48       -5.23028      -4.12          
 298.55       -7.92448      -33.14        -2.657E1      119.94        -2.652E1      118.82        -6.60495      -51.83         
 308.5        -9.32449      -79.96        -2.835E1      46.25         -2.832E1      45.11         -9.54644      -106.17        
 318.45       -11.20792     -129.05       -2.712E1      -24.01        -2.707E1      -25.13        -12.91709     -175.85        
 328.4        -11.80681     178.67        -2.704E1      -113.27       -2.699E1      -114.43       -13.24532     96.42          
 338.35       -12.71414     116.33        -2.964E1      153.12        -2.961E1      152.15        -11.97578     22.69          
 348.3        -13.78909     42.68         -3.556E1      50.61         -3.552E1      49.60         -11.36574     -26.61         
 358.25       -12.52371     -38.57        -4.919E1      -51.41        -4.905E1      -52.34        -10.05724     -73.20         
 368.2        -9.62956      -104.30       -5.268E1      120.24        -5.278E1      117.98        -9.02262      -120.58        
 378.15       -7.25465      -156.51       -4.89E1       16.79         -4.893E1      15.74         -8.12277      -168.09        
 388.1        -5.82681      157.28        -5.121E1      -48.72        -5.114E1      -49.95        -7.07859      145.99         
 398.05       -4.88145      114.21        -5.07E1       -96.60        -5.065E1      -97.86        -5.77078      101.94         
 408          -4.22862      72.43         -5.025E1      -153.34       -5.046E1      -154.93       -4.52523      60.55          
 417.95       -3.75489      31.98         -4.806E1      125.14        -4.765E1      124.06        -3.54773      21.49          
 427.9        -3.45352      -7.43         -4.873E1      48.84         -4.877E1      48.49         -3.03297      -15.79         
 437.85       -3.32146      -46.49        -4.784E1      -20.17        -4.797E1      -22.09        -3.07712      -52.43         
 447.8        -3.26161      -86.29        -4.921E1      -88.16        -4.929E1      -89.37        -3.52271      -89.20         
 457.75       -3.22249      -126.87       -4.665E1      -153.70       -4.649E1      -155.68       -4.19028      -127.07        
 467.7        -3.08109      -167.51       -4.742E1      114.15        -4.741E1      114.10        -4.60694      -165.37        
 477.65       -2.82796      153.98        -4.923E1      26.47         -4.929E1      24.95         -4.34253      156.05         
 487.6        -2.533        118.18        -5.282E1      -56.51        -5.259E1      -57.70        -3.65563      118.35         
 497.55       -2.31258      84.33         -5.537E1      -139.05       -5.531E1      -139.31       -2.89188      82.04          
 507.5        -2.196        50.95         -5.748E1      146.69        -5.738E1      145.39        -2.3345       46.70          
 517.45       -2.22712      16.20         -5.864E1      82.49         -5.823E1      82.10         -2.12092      11.50          
 527.4        -2.35358      -21.00        -5.937E1      23.91         -5.956E1      21.79         -2.21415      -24.14         
 537.35       -2.46098      -60.13        -6.082E1      -37.33        -6.12E1       -35.42        -2.49136      -60.26         
 547.3        -2.47745      -99.46        -6.371E1      -86.64        -6.424E1      -86.37        -2.81809      -96.69         
 557.25       -2.38849      -137.16       -6.357E1      -124.24       -6.469E1      -125.80       -3.09635      -133.13        
 567.2        -2.26774      -172.77       -6.677E1      -172.50       -6.541E1      174.82        -3.27392      -169.50        
 577.15       -2.16613      152.79        -6.793E1      133.70        -6.857E1      126.52        -3.32239      153.88         
 587.1        -2.08732      118.40        -6.959E1      91.75         -6.948E1      87.13         -3.18688      116.77         
 597.05       -2.02578      83.60         -6.975E1      51.01         -7.199E1      19.72         -2.86888      79.66          
 607          -1.97352      48.65         -7.536E1      -53.61        -7.31E1       -48.60        -2.44915      43.39          
 616.95       -1.93908      14.16         -7.911E1      -155.58       -8.393E1      -119.81       -2.10906      8.53           
 626.9        -1.96058      -19.92        -8.353E1      107.92        -7.869E1      105.73        -2.01638      -25.17         
 636.85       -2.06774      -54.39        -8.807E1      5.87          -8.543E1      -20.49        -2.24067      -58.44         
 646.8        -2.25914      -90.49        -8.192E1      10.26         -8.046E1      -11.76        -2.73981      -92.42         
 656.75       -2.44083      -128.79       -7.828E1      -66.93        -7.893E1      -39.41        -3.30855      -128.27        
 666.7        -2.48062      -168.11       -8.272E1      -102.65       -8.186E1      -120.52       -3.61257      -166.15        
 676.65       -2.33782      153.99        -7.926E1      -143.56       -7.931E1      -146.37       -3.44322      155.47         
 686.6        -2.09938      119.11        -8.407E1      -169.07       -7.817E1      171.95        -2.91727      118.47         
 696.55       -1.89028      86.96         -9.41E1       124.47        -8.101E1      152.77        -2.34473      83.41          
 706.5        -1.81039      55.81         -8.842E1      67.68         -8.554E1      48.17         -1.99789      49.58          
 716.45       -1.87962      23.41         -8.402E1      -66.02        -8.057E1      -65.69        -1.95219      15.72          
 726.4        -2.08108      -11.81        -9.048E1      89.38         -8.902E1      -127.45       -2.14249      -18.91         
 736.35       -2.3344       -49.91        -8.311E1      -146.89       -7.478E1      33.81         -2.44865      -54.53         
 746.3        -2.50339      -89.16        -8.529E1      -87.98        -8.44E1       -77.12        -2.72943      -90.79         
 756.25       -2.51792      -127.09       -8.603E1      -56.70        -9.425E1      -123.40       -2.92636      -126.98        
 766.2        -2.45994      -162.95       -8.995E1      -109.12       -8.99E1       -48.01        -3.09261      -162.92        
 776.15       -2.39039      162.28        -8.736E1      166.80        -1.02E2       153.02        -3.2294       160.89         
 786.1        -2.33586      127.31        -8.654E1      -177.05       -8.789E1      -175.81       -3.27308      124.12         
 796.05       -2.28897      91.56         -8.478E1      162.36        -8.782E1      34.13         -3.14043      87.04          
 806          -2.20738      55.68         -1.025E2      -83.16        -9.109E1      -175.97       -2.82386      50.61          
 815.95       -2.11761      21.09         -8.871E1      31.20         -9.106E1      -150.39       -2.46347      15.79          
 825.9        -2.09582      -11.93        -9.522E1      9.15          -9.236E1      -126.41       -2.30128      -17.46         
 835.85       -2.1957       -44.53        -1.045E2      28.89         -8.43E1       -118.01       -2.46218      -50.07         
 845.8        -2.44224      -78.59        -9.286E1      -143.26       -9.41E1       -153.06       -2.96536      -83.38         
 855.75       -2.79245      -116.00       -8.882E1      -165.92       -8.887E1      -37.42        -3.65641      -119.00        
 865.7        -3.03823      -156.63       -9.309E1      174.56        -8.249E1      -74.18        -4.16366      -157.56        
 875.65       -2.98786      162.87        -9.40E1       78.89         -9.319E1      87.83         -4.12738      162.78         
 885.6        -2.69849      125.97        -8.536E1      40.63         -8.054E1      -176.76       -3.60879      125.03         
 895.55       -2.3815       93.28         -8.797E1      -17.18        -9.119E1      52.07         -2.99519      90.35          
 905.5        -2.20117      62.88         -8.107E1      -102.93       -8.178E1      -174.89       -2.61297      57.70          
 915.45       -2.2286       31.93         -7.942E1      40.43         -8.256E1      164.70        -2.57661      25.38          
 925.4        -2.45905      -1.81         -7.837E1      50.52         -8.398E1      37.41         -2.82876      -8.02          
 935.35       -2.80777      -39.03        -7.594E1      2.38          -7.832E1      -93.31        -3.207        -43.24         
 945.3        -3.08247      -78.07        -7.538E1      -88.59        -7.779E1      -121.52       -3.52864      -80.07         
 955.25       -3.16534      -115.91       -7.763E1      170.92        -7.39E1       -160.23       -3.72583      -117.38        
 965.2        -3.1394       -151.09       -7.145E1      105.34        -7.184E1      101.51        -3.8949       -154.33        
 975.15       -3.12868      175.34        -7.343E1      48.38         -7.238E1      46.82         -4.12806      168.88         
 985.1        -3.19243      141.28        -7.074E1      -9.25         -6.934E1      -18.78        -4.39331      131.50         
 995.05       -3.27902      105.37        -7.117E1      -72.05        -7.211E1      -81.58        -4.51025      93.37          
 1005         -3.28784      68.35         -7.091E1      -147.64       -7.097E1      -170.11       -4.3216       55.87          
 1014.95      -3.19455      32.44         -7.495E1      113.11        -7.698E1      79.47         -3.95238      20.69          
 1024.9       -3.11208      -0.94         -8.439E1      115.28        -7.253E1      17.59         -3.70468      -11.84         
 1034.85      -3.19711      -32.54        -7.307E1      -43.12        -7.41E1       -50.75        -3.83977      -42.67         
 1044.8       -3.58682      -64.87        -7.584E1      -80.20        -6.857E1      -87.24        -4.48551      -73.61         
 1054.75      -4.29306      -101.17       -7.301E1      -143.45       -7.327E1      -130.51       -5.59129      -107.17        
 1064.7       -5.01819      -143.14       -7.381E1      161.89        -7.333E1      -174.03       -6.75262      -145.77        
 1074.65      -5.18243      172.46        -7.111E1      122.30        -6.94E1       150.44        -7.21447      171.41         
 1084.6       -4.72848      132.44        -7.358E1      88.68         -6.81E1       93.16         -6.694        130.41         
 1094.55      -4.18252      99.38         -7.012E1      48.88         -6.929E1      34.24         -5.88273      95.29          
 1104.5       -3.9174       70.64         -6.805E1      9.95          -6.786E1      5.15          -5.40182      64.67          
 1114.45      -4.05395      42.54         -6.703E1      -50.11        -6.716E1      -44.34        -5.4301       35.84          
 1124.4       -4.62273      11.79         -6.777E1      -111.15       -6.93E1       -106.28       -5.88891      6.52           
 1134.35      -5.50404      -23.74        -7.055E1      -171.26       -6.99E1       -173.81       -6.55008      -24.91         
 1144.3       -6.26221      -63.58        -7.513E1      93.78         -7.129E1      89.94         -7.05656      -58.80         
 1154.25      -6.51664      -103.17       -7.113E1      -3.37         -7.169E1      0.68          -7.17975      -93.35         
 1164.2       -6.45751      -138.69       -7.316E1      -110.96       -7.346E1      -127.30       -7.09218      -126.61        
 1174.15      -6.46057      -170.73       -7.246E1      147.24        -7.105E1      -177.98       -7.12567      -158.63        
 1184.1       -6.6986       157.67        -7.434E1      84.99         -7.36E1       98.76         -7.44341      168.76         
 1194.05      -7.057        123.83        -7.389E1      35.36         -7.175E1      35.29         -7.87772      133.35         
 1204         -7.15794      87.36         -8.016E1      -42.65        -7.599E1      -35.83        -7.89659      94.64          
 1213.95      -6.76315      51.78         -7.532E1      -83.19        -7.723E1      -77.57        -7.14577      56.29          
 1223.9       -6.13979      20.60         -7.375E1      -174.48       -7.561E1      -164.36       -6.0201       22.19          
 1233.85      -5.67975      -6.16         -7.386E1      154.77        -7.322E1      139.78        -5.12507      -7.67          
 1243.8       -5.62807      -30.88        -7.458E1      71.84         -7.447E1      79.88         -4.80966      -35.51         
 1253.75      -6.13262      -57.04        -7.421E1      23.27         -7.218E1      14.09         -5.19833      -63.91         
 1263.7       -7.22219      -89.15        -7.751E1      -4.13         -7.212E1      -33.56        -6.22941      -96.23         
 1273.65      -8.38069      -131.79       -7.129E1      -55.94        -7.313E1      -61.17        -7.3847       -135.98        
 1283.6       -8.19657      179.16        -7.212E1      -115.74       -7.072E1      -121.69       -7.51952      178.26         
 1293.55      -6.74485      137.84        -7.245E1      -167.62       -7.142E1      -160.79       -6.39588      136.05         
 1303.5       -5.37437      106.79        -7.197E1      142.69        -7.314E1      130.59        -5.12794      101.33         
 1313.45      -4.55537      80.98         -7.501E1      85.23         -7.494E1      89.34         -4.39771      71.14          
 1323.4       -4.29342      55.49         -7.716E1      51.59         -7.746E1      22.36         -4.30003      41.86          
 1333.35      -4.52789      26.39         -7.751E1      -26.12        -7.949E1      9.87          -4.65677      10.66          
 1343.3       -5.07833      -9.12         -8.048E1      -25.02        -7.545E1      -32.02        -5.07569      -24.19         
 1353.25      -5.47491      -50.14        -8.485E1      -140.78       -7.976E1      -68.94        -5.10127      -61.78         
 1363.2       -5.34441      -90.92        -9.125E1      -142.48       -8.388E1      -154.11       -4.67627      -99.03         
 1373.15      -4.96263      -126.97       -7.877E1      145.75        -9.117E1      -119.13       -4.23389      -134.26        
 1383.1       -4.75484      -159.85       -8.13E1       77.81         -7.871E1      123.90        -4.19764      -168.73        
 1393.05      -4.86352      165.99        -8.391E1      62.41         -8.661E1      28.02         -4.64242      154.83         
 1403         -5.09793      126.88        -8.513E1      33.95         -8.483E1      3.79          -5.14264      114.32         
 1412.95      -4.95255      84.06         -8.405E1      14.76         -8.725E1      -14.76        -4.97293      71.61          
 1422.9       -4.25946      44.60         -9.06E1       25.28         -8.928E1      -43.46        -4.0579       32.63          
 1432.85      -3.46336      12.91         -8.526E1      -101.79       -8.731E1      -0.61         -3.08644      -0.13          
 1442.8       -2.9467       -12.96        -7.887E1      -126.18       -8.756E1      -38.07        -2.62086      -28.81         
 1452.75      -2.87322      -37.35        -8.227E1      -133.75       -8.287E1      -145.21       -2.9073       -56.60         
 1462.7       -3.39046      -65.30        -8.211E1      -144.32       -8.35E1       -153.42       -3.98686      -86.93         
 1472.65      -4.61733      -102.65       -8.208E1      155.06        -8.137E1      -170.97       -5.59698      -124.19        
 1482.6       -5.80956      -152.89       -8.224E1      138.85        -8.135E1      154.25        -6.58877      -170.81        
 1492.55      -5.37846      155.97        -8.215E1      106.21        -7.752E1      97.36         -5.84565      142.68         
 1502.5       -4.09944      118.56        -7.891E1      37.62         -8.988E1      101.96        -4.49637      105.73         
 1512.45      -3.11808      91.41         -8.80E1       -14.06        -8.886E1      -18.47        -3.69226      75.60          
 1522.4       -2.63794      67.45         -8.502E1      -91.93        -8.302E1      -110.96       -3.65165      47.89          
 1532.35      -2.69931      40.84         -9.105E1      -169.32       -9.502E1      -64.75        -4.25558      18.89          
 1542.3       -3.33127      6.92          -8.746E1      178.34        -1.002E2      -103.28       -5.11386      -14.57         
 1552.25      -4.16344      -35.27        -8.775E1      151.09        -9.185E1      -110.10       -5.50611      -53.00         
 1562.2       -4.36745      -78.91        -9.083E1      39.38         -8.297E1      -55.29        -5.01622      -91.87         
 1572.15      -3.95614      -115.48       -8.635E1      -107.70       -9.968E1      -142.58       -4.22245      -127.18        
 1582.1       -3.56747      -145.49       -9.134E1      123.12        -7.971E1      91.86         -3.87866      -159.99        
 1592.05      -3.62666      -174.90       -8.533E1      123.77        -7.887E1      88.66         -4.33421      166.30         
 1602         -4.33552      149.14        -7.65E1       45.12         -7.746E1      39.42         -5.39489      127.18         
 1611.95      -5.23802      102.17        -7.152E1      -14.59        -7.269E1      -17.21        -5.92763      80.79          
 1621.9       -4.97582      52.64         -7.061E1      -62.33        -7.053E1      -67.51        -4.94138      35.93          
 1631.85      -3.78699      15.57         -6.889E1      -122.03       -6.988E1      -133.90       -3.43238      0.82           
 1641.8       -2.73417      -9.48         -6.822E1      -172.58       -6.814E1      -168.72       -2.46525      -26.78         
 1651.75      -2.14912      -29.32        -6.873E1      145.67        -6.927E1      161.99        -2.39879      -51.13         
 1661.7       -2.23599      -50.55        -6.665E1      104.19        -6.711E1      117.31        -3.3984       -75.95         
 1671.65      -3.51029      -80.05        -6.686E1      53.52         -6.725E1      74.60         -5.56335      -106.03        
 1681.6       -6.34518      -127.39       -6.615E1      8.83          -6.739E1      5.26          -8.30656      -150.35        
 1691.55      -7.33075      166.82        -6.664E1      -29.84        -6.926E1      -48.32        -8.51583      151.70         
 1701.5       -5.0016       122.02        -7.01E1       -89.15        -6.668E1      -94.01        -6.28764      108.09         
 1711.45      -3.032        98.25         -6.843E1      -133.40       -6.836E1      -143.29       -4.72531      78.88          
 1721.4       -1.84202      80.96         -7.014E1      169.50        -6.816E1      -165.79       -4.38934      55.14          
 1731.35      -1.38452      61.83         -7.028E1      141.14        -6.88E1       158.56        -5.17683      31.75          
 1741.3       -2.04283      34.23         -7.196E1      88.45         -7.156E1      83.54         -6.91016      3.70           
 1751.25      -4.28549      -7.42         -7.713E1      -6.41         -7.227E1      -3.27         -8.77533      -35.52         
 1761.2       -6.16327      -62.82        -8.764E1      -90.99        -8.335E1      -75.93        -8.66673      -83.10         
 1771.15      -5.13679      -108.46       -8.985E1      -75.01        -8.695E1      -6.45         -6.81647      -121.67        
 1781.1       -3.45397      -135.24       -7.394E1      -69.62        -7.694E1      -59.38        -5.40917      -150.03        
 1791.05      -2.338        -155.03       -7.415E1      -120.12       -7.139E1      -116.68       -5.25171      -174.47        
 1801         -2.28063      -178.02       -7.075E1      174.23        -6.903E1      173.28        -6.67391      159.92         
 1810.95      -4.38274      147.20        -7.041E1      101.27        -6.914E1      107.27        -9.98469      124.04         
 1820.9       -8.50719      88.58         -7.124E1      78.81         -7.061E1      64.84         -12.2781      57.48          
 1830.85      -7.55305      22.65         -7.167E1      11.92         -7.219E1      5.09          -8.39207      1.57           
 1840.8       -4.36856      -6.24         -7.867E1      -35.31        -7.867E1      -61.08        -5.08017      -25.91         
 1850.75      -1.97488      -19.52        -8.196E1      40.57         -8.259E1      -62.98        -3.50415      -44.04         
 1860.7       -0.11057      -30.29        -8.22E1       -122.46       -7.501E1      -126.70       -3.37319      -58.75         
 1870.65      0.97676       -45.74        -7.12E1       115.49        -7.432E1      -92.41        -4.74165      -72.16         
 1880.6       -0.21337      -68.43        -7.137E1      56.40         -7.504E1      44.04         -8.23326      -85.77         
 1890.55      -6.03771      -91.54        -7.474E1      -104.89       -7.161E1      -138.48       -17.08079     -106.81        
 1900.5       -19.4084      132.14        -7.336E1      84.62         -6.406E1      121.37        -17.6399      94.33          
 1910.45      -2.61959      91.58         -6.315E1      96.23         -6.355E1      125.73        -9.08494      73.80          
 1920.4       5.1303        87.55         -5.927E1      44.27         -7.143E1      27.77         -5.98618      62.19          
 1930.35      13.40386      72.98         -5.769E1      9.79          -6.009E1      -45.12        -4.98877      52.01          
 1940.3       15.69195      -8.31         -6.408E1      -123.71       -5.489E1      -145.07       -5.46385      42.03          
 1950.25      7.36947       -31.41        -6.153E1      128.05        -5.724E1      147.51        -7.46076      30.85          
 1960.2       0.74318       -34.32        -6.094E1      86.54         -6.106E1      102.33        -11.85012     14.08          
 1970.15      -6.89536      -49.07        -6.132E1      61.23         -6.257E1      74.87         -20.55138     -49.70         
 1980.1       -10.41567     -135.78       -6.356E1      30.62         -6.286E1      28.68         -12.852       -138.99        
 1990.05      -2.48966      175.65        -6.36E1       -25.62        -6.155E1      -22.69        -7.31599      -160.41        
 2000         1.03598       141.63        -6.225E1      -89.30        -6.229E1      -84.92        -4.70256      -175.20        
