 10           -0.01511      -36.76        -6.568E1      47.54         -6.362E1      47.59         -0.01163      -37.22         
 19.95        -0.07009      -73.45        -5.695E1      -169.17       -5.719E1      -171.21       -0.04637      -73.93         
 29.9         -0.16752      -110.30       -6.223E1      131.07        -6.157E1      133.17        -0.12342      -110.54        
 39.85        -0.2881       -147.20       -6.002E1      89.78         -5.941E1      92.82         -0.23498      -146.93        
 49.8         -0.41793      175.99        -6.146E1      -52.13        -6.092E1      -47.52        -0.35942      177.07         
 59.75        -0.52704      139.08        -6.811E1      -85.42        -6.651E1      -84.50        -0.46781      140.96         
 69.7         -0.57877      102.54        -6.626E1      -128.26       -6.553E1      -138.76       -0.52642      104.94         
 79.65        -0.59889      66.26         -5.767E1      170.81        -5.801E1      171.17        -0.57024      68.86          
 89.6         -0.62552      30.10         -5.079E1      51.12         -5.092E1      51.29         -0.64055      32.63          
 99.55        -0.62832      -6.12         -5.355E1      -78.30        -5.352E1      -78.99        -0.64086      -3.82          
 109.5        -0.65055      -43.07        -5.654E1      -139.43       -5.691E1      -137.09       -0.68646      -40.90         
 119.45       -0.72178      -80.59        -5.398E1      135.04        -5.427E1      135.42        -0.74951      -78.28         
 129.4        -0.7901       -117.84       -5.598E1      37.10         -5.591E1      34.94         -0.77362      -115.26        
 139.35       -0.86037      -154.64       -5.863E1      -20.08        -5.824E1      -20.04        -0.79089      -151.82        
 149.3        -0.94014      169.18        -5.448E1      -66.24        -5.425E1      -67.21        -0.85606      172.29         
 159.25       -1.03347      133.31        -4.935E1      -151.90       -4.949E1      -151.84       -0.96168      136.82         
 169.2        -1.19091      97.31         -4.405E1      114.46        -4.401E1      113.90        -1.10859      101.39         
 179.15       -1.26214      61.31         -4.369E1      -17.56        -4.36E1       -17.22        -1.17266      65.28          
 189.1        -1.3117       24.20         -4.855E1      -120.41       -4.85E1       -121.18       -1.24006      27.98          
 199.05       -1.38169      -13.21        -5.289E1      164.53        -5.27E1       163.18        -1.29757      -9.63          
 209          -1.51492      -50.31        -5.482E1      90.31         -5.472E1      92.43         -1.36625      -47.19         
 218.95       -1.69033      -86.93        -5.528E1      20.63         -5.50E1       19.82         -1.4912       -84.40         
 228.9        -1.87243      -123.41       -5.55E1       -73.87        -5.538E1      -73.74        -1.67794      -121.16        
 238.85       -2.04464      -160.08       -5.78E1       -166.60       -5.816E1      -166.88       -1.91337      -157.59        
 248.8        -2.14019      163.03        -6.018E1      114.55        -6.067E1      115.54        -2.11876      166.19         
 258.75       -2.15702      126.17        -5.974E1      39.13         -5.98E1       34.61         -2.22545      130.06         
 268.7        -2.1561       89.62         -5.447E1      -54.49        -5.449E1      -56.11        -2.2514       93.72          
 278.65       -2.2078       53.35         -5.27E1       -169.19       -5.246E1      -170.46       -2.33152      56.33          
 288.6        -2.32555      16.89         -5.24E1       83.41         -5.261E1      84.86         -2.58831      19.13          
 298.55       -2.58312      -20.72        -5.399E1      -11.88        -5.404E1      -12.64        -2.85651      -18.46         
 308.5        -2.88115      -59.45        -5.883E1      -76.90        -5.803E1      -79.19        -3.05864      -57.04         
 318.45       -3.09749      -98.97        -5.852E1      -143.66       -5.843E1      -143.54       -3.17676      -96.10         
 328.4        -3.25706      -138.50       -5.772E1      145.84        -5.736E1      144.98        -3.24529      -134.77        
 338.35       -3.37874      -177.09       -5.608E1      79.33         -5.598E1      76.41         -3.31752      -172.67        
 348.3        -3.55238      145.33        -5.471E1      -8.99         -5.459E1      -6.34         -3.52201      150.31         
 358.25       -3.84388      107.59        -5.394E1      -92.48        -5.407E1      -91.68        -3.90249      113.24         
 368.2        -4.26718      68.78         -5.291E1      172.64        -5.288E1      171.49        -4.42377      75.18          
 378.15       -4.82339      28.87         -5.42E1       62.64         -5.42E1       60.87         -4.998        35.69          
 388.1        -5.37825      -12.11        -5.816E1      -53.47        -5.797E1      -52.26        -5.49373      -5.74          
 398.05       -5.94666      -53.56        -6.095E1      -164.11       -6.075E1      -168.67       -5.90557      -48.47         
 408          -6.64805      -95.46        -6.264E1      103.40        -6.286E1      103.69        -6.37585      -91.55         
 417.95       -7.51817      -138.55       -6.007E1      18.14         -6.114E1      20.23         -6.9656       -134.89        
 427.9        -8.44938      176.22        -5.871E1      -68.47        -5.879E1      -68.50        -7.61042      -178.80        
 437.85       -9.27756      128.78        -5.809E1      -149.93       -5.81E1       -150.12       -8.23752      136.57         
 447.8        -9.90855      81.29         -5.742E1      128.58        -5.742E1      128.79        -8.78431      91.97          
 457.75       -10.62998     34.83         -5.661E1      35.99         -5.70E1       38.02         -9.43584      47.81          
 467.7        -11.75671     -13.14        -5.835E1      -58.20        -5.814E1      -57.50        -10.40266     2.52           
 477.65       -13.11191     -67.61        -5.997E1      -144.29       -5.952E1      -146.56       -11.59108     -47.03         
 487.6        -13.36084     -129.91       -6.203E1      128.22        -6.163E1      127.29        -12.26184     -102.91        
 497.55       -11.85216     172.29        -6.29E1       47.35         -6.282E1      44.50         -11.5589      -159.13        
 507.5        -10.12364     124.91        -6.369E1      -38.28        -6.325E1      -37.95        -10.23389     151.66         
 517.45       -8.96617      82.96         -6.31E1       -120.42       -6.31E1       -122.53       -9.21801      108.06         
 527.4        -8.37393      41.46         -6.208E1      151.21        -6.205E1      151.32        -8.75526      65.88          
 537.35       -8.04574      -2.20         -6.178E1      58.69         -6.183E1      60.33         -8.61967      21.97          
 547.3        -7.61039      -47.65        -6.24E1       -28.16        -6.247E1      -25.07        -8.34257      -24.36         
 557.25       -6.9546       -92.25        -6.304E1      -108.23       -6.365E1      -111.37       -7.65402      -70.79         
 567.2        -6.2343       -134.22       -6.655E1      163.38        -6.535E1      163.28        -6.75611      -114.69        
 577.15       -5.63449      -173.96       -6.973E1      80.80         -6.803E1      77.52         -6.01142      -155.71        
 587.1        -5.16888      146.88        -7.251E1      -13.49        -7.194E1      -10.23        -5.5586       164.91         
 597.05       -4.76375      107.37        -7.785E1      -103.13       -7.595E1      -80.79        -5.2986       125.96         
 607          -4.36091      67.84         -7.821E1      177.91        -7.96E1       -157.32       -5.05403      87.00          
 616.95       -3.9778       29.33         -8.057E1      142.17        -8.186E1      119.15        -4.72642      48.31          
 626.9        -3.70181      -7.76         -8.266E1      46.65         -7.908E1      69.92         -4.38845      10.14          
 636.85       -3.58636      -44.27        -9.079E1      -45.13        -8.049E1      -41.05        -4.16094      -27.86         
 646.8        -3.62423      -81.86        -9.201E1      -82.74        -8.228E1      -4.41         -4.11441      -66.48         
 656.75       -3.68941      -121.65       -8.275E1      -80.13        -8.604E1      -77.81        -4.1621       -106.36        
 666.7        -3.59789      -162.96       -8.547E1      175.24        -8.38E1       -138.91       -4.0791       -147.06        
 676.65       -3.2934       156.73        -8.921E1      156.63        -8.494E1      -170.56       -3.74385      173.10         
 686.6        -2.90032      119.29        -8.844E1      152.75        -8.099E1      162.38        -3.27539      135.46         
 696.55       -2.58386      84.57         -9.134E1      84.93         -8.608E1      139.46        -2.87547      100.00         
 706.5        -2.45363      50.71         -8.554E1      45.56         -8.484E1      12.24         -2.71154      65.55          
 716.45       -2.50713      15.44         -8.11E1       -58.55        -7.994E1      -65.07        -2.79969      30.32          
 726.4        -2.68138      -22.61        -1.032E2      -33.30        -8.513E1      -161.84       -3.00498      -7.07          
 736.35       -2.85062      -62.93        -8.468E1      -117.31       -7.697E1      26.51         -3.13322      -46.95         
 746.3        -2.88257      -103.33       -8.452E1      -112.28       -8.397E1      -89.59        -3.03262      -88.06         
 756.25       -2.78672      -141.69       -1.077E2      176.06        -8.747E1      -129.77       -2.77507      -128.24        
 766.2        -2.68286      -178.16       -8.878E1      -133.53       -1.123E2      -64.61        -2.60332      -166.52        
 776.15       -2.60999      145.70        -8.53E1       101.51        -9.287E1      -154.73       -2.61605      156.65         
 786.1        -2.58063      108.58        -8.889E1      -179.67       -9.699E1      162.15        -2.7599       120.44         
 796.05       -2.55529      70.29         -9.131E1      161.73        -8.662E1      -7.43         -2.90626      84.14          
 806          -2.49103      32.21         -9.157E1      -106.15       -8.858E1      -148.35       -2.92369      47.63          
 815.95       -2.4538       -4.18         -9.331E1      -29.80        -9.426E1      105.13        -2.8173       11.30          
 825.9        -2.52806      -39.15        -9.185E1      -66.28        -8.484E1      95.57         -2.76124      -24.99         
 835.85       -2.74816      -74.37        -9.062E1      66.89         -8.095E1      -154.88       -2.87914      -61.92         
 845.8        -3.11196      -112.01       -9.408E1      161.82        -8.66E1       148.54        -3.19263      -100.31        
 855.75       -3.45716      -153.11       -8.753E1      124.54        -8.766E1      29.95         -3.50936      -140.63        
 865.7        -3.54383      164.40        -9.735E1      -164.84       -8.467E1      -134.96       -3.55329      178.53         
 875.65       -3.36164      124.36        -9.023E1      -150.95       -8.956E1      -13.80        -3.28184      139.63         
 885.6        -3.12383      88.42         -1.00E2       -117.01       -7.639E1      178.41        -2.93253      103.80         
 895.55       -3.05016      55.14         -8.598E1      -98.10        -8.117E1      69.41         -2.7646       70.27          
 905.5        -3.27029      21.59         -8.10E1       -116.74       -7.639E1      162.27        -2.92846      37.09          
 915.45       -3.78743      -14.97        -8.58E1       29.77         -8.403E1      143.25        -3.40749      2.02           
 925.4        -4.44512      -55.60        -8.436E1      11.99         -1.027E2      -96.88        -4.02291      -36.65         
 935.35       -4.92709      -98.45        -8.427E1      -1.79         -7.996E1      172.88        -4.44678      -78.96         
 945.3        -5.08794      -139.63       -8.363E1      -59.01        -8.862E1      -159.64       -4.50391      -122.18        
 955.25       -5.14049      -177.50       -9.655E1      38.61         -8.858E1      -139.29       -4.42569      -163.31        
 965.2        -5.33242      146.30        -8.90E1       96.48         -8.546E1      32.57         -4.54222      158.15         
 975.15       -5.73985      109.04        -9.21E1       31.84         -9.249E1      174.07        -4.94415      120.83         
 985.1        -6.23679      69.28         -9.70E1       -176.55       -8.134E1      -132.12       -5.48789      83.06          
 995.05       -6.58963      28.46         -8.181E1      -31.57        -8.997E1      -172.99       -5.90245      44.36          
 1005         -6.80509      -10.28        -9.402E1      150.42        -8.241E1      -101.95       -6.08106      5.81           
 1014.95      -7.17585      -45.77        -8.651E1      -9.37         -8.739E1      -117.31       -6.22161      -31.59         
 1024.9       -8.06815      -79.89        -7.886E1      147.09        -8.222E1      -76.52        -6.66539      -68.33         
 1034.85      -9.70868      -116.93       -9.601E1      -44.13        -8.732E1      -68.20        -7.59901      -106.46        
 1044.8       -11.77567     -162.76       -1.121E2      31.37         -8.329E1      -114.69       -8.77418      -148.81        
 1054.75      -12.63193     142.52        -9.289E1      114.65        -8.312E1      168.93        -9.39921      164.70         
 1064.7       -11.70864     94.65         -9.838E1      -19.66        -1.088E2      0.08          -9.03409      120.34         
 1074.65      -10.88397     59.15         -8.579E1      18.67         -9.936E1      82.22         -8.39882      82.85          
 1084.6       -11.16272     30.15         -8.055E1      -50.86        -9.288E1      48.03         -8.31261      50.74          
 1094.55      -12.98637     2.16          -8.432E1      26.36         -8.361E1      123.52        -9.18339      20.42          
 1104.5       -17.11724     -31.37        -9.072E1      -64.77        -8.471E1      166.28        -11.25158     -12.40         
 1114.45      -24.07476     -99.49        -8.643E1      166.81        -7.951E1      46.76         -14.52818     -55.32         
 1124.4       -20.899       166.12        -7.858E1      27.23         -8.834E1      -24.76        -16.88573     -118.29        
 1134.35      -17.21586     124.53        -8.633E1      22.18         -9.169E1      -59.20        -15.54629     -177.80        
 1144.3       -16.42503     90.19         -8.868E1      -86.84        -8.524E1      -133.63       -14.15062     141.09         
 1154.25      -17.32277     48.78         -8.881E1      -98.04        -8.846E1      -161.90       -14.22212     106.26         
 1164.2       -17.82493     -6.53         -1.067E2      -166.53       -8.387E1      -133.96       -15.61616     68.79          
 1174.15      -16.07731     -60.36        -8.772E1      108.85        -8.564E1      -9.21         -17.4148      20.98          
 1184.1       -14.20048     -101.17       -9.116E1      -44.66        -8.429E1      2.91          -17.61975     -34.26         
 1194.05      -13.49632     -137.14       -9.679E1      58.67         -8.63E1       44.11         -16.66653     -82.02         
 1204         -13.82986     -177.48       -9.473E1      8.93          -8.869E1      163.59        -16.50944     -124.38        
 1213.95      -13.87537     131.37        -9.249E1      -26.63        -8.481E1      -4.85         -17.35535     -172.61        
 1223.9       -11.95779     79.74         -9.666E1      -179.79       -8.545E1      -146.80       -16.92855     127.35         
 1233.85      -9.48285      40.60         -9.417E1      -100.63       -8.87E1       -148.22       -13.98023     76.16          
 1243.8       -7.79999      10.51         -9.012E1      -27.23        -9.109E1      -25.90        -11.22886     40.52          
 1253.75      -7.08376      -16.03        -9.097E1      -158.12       -9.041E1      -70.77        -9.67995      11.94          
 1263.7       -7.30297      -43.82        -8.209E1      167.76        -8.653E1      164.09        -9.41302      -15.24         
 1273.65      -8.38447      -78.09        -8.121E1      72.95         -9.126E1      155.05        -10.46502     -45.61         
 1283.6       -9.59995      -124.26       -8.435E1      9.27          -8.937E1      -120.43       -12.61948     -86.73         
 1293.55      -9.20558      -176.79       -1.01E2       -170.97       -8.735E1      17.46         -13.6148      -145.98        
 1303.5       -7.55329      140.37        -8.734E1      -76.87        -9.568E1      136.93        -11.31361     159.66         
 1313.45      -6.19744      107.85        -9.368E1      110.72        -8.996E1      155.33        -8.90323      122.36         
 1323.4       -5.54638      79.09         -8.789E1      139.41        -9.466E1      -114.40       -7.65534      92.48          
 1333.35      -5.54949      48.63         -8.691E1      -91.00        -9.974E1      -105.02       -7.46879      63.86          
 1343.3       -5.99012      12.40         -9.426E1      -6.23         -8.968E1      -15.82        -8.0171       32.41          
 1353.25      -6.33295      -30.08        -8.78E1       132.69        -8.452E1      -13.84        -8.70003      -4.95          
 1363.2       -6.06762      -72.95        -9.375E1      18.22         -9.015E1      -127.91       -8.66515      -47.18         
 1373.15      -5.48305      -110.16       -8.872E1      177.70        -8.822E1      -52.31        -7.78936      -88.11         
 1383.1       -5.12271      -142.64       -9.126E1      79.20         -8.654E1      -177.98       -6.91613      -125.11        
 1393.05      -5.20577      -175.19       -1.023E2      -106.36       -8.801E1      -93.70        -6.67497      -160.78        
 1403         -5.623        147.13        -9.167E1      17.09         -9.428E1      -174.31       -7.05276      161.15         
 1412.95      -5.80632      102.65        -8.929E1      63.70         -8.78E1       -58.22        -7.38197      118.44         
 1422.9       -5.174        58.34         -8.714E1      100.52        -9.097E1      -35.38        -6.79279      74.88          
 1432.85      -4.16446      22.29         -8.912E1      -112.23       -9.209E1      7.89          -5.50546      37.27          
 1442.8       -3.4163       -6.10         -8.183E1      -129.87       -8.779E1      -25.90        -4.39215      6.13           
 1452.75      -3.15575      -31.43        -8.321E1      -147.67       -9.38E1       165.82        -3.96168      -21.96         
 1462.7       -3.48409      -58.94        -8.949E1      -140.75       -8.612E1      119.68        -4.39964      -50.73         
 1472.65      -4.49858      -94.26        -7.981E1      140.57        -9.053E1      145.68        -5.72183      -84.54         
 1482.6       -5.67556      -141.53       -8.592E1      105.66        -8.895E1      128.71        -7.32735      -128.77        
 1492.55      -5.53018      167.46        -8.451E1      50.16         -8.423E1      64.59         -7.41435      178.88         
 1502.5       -4.36009      127.72        -8.064E1      17.02         -8.479E1      -87.36        -5.90358      134.46         
 1512.45      -3.35648      98.53         -8.377E1      -97.31        -8.485E1      -97.44        -4.61866      100.90         
 1522.4       -2.82892      72.99         -8.217E1      -118.48       -8.246E1      -128.52       -4.16877      72.69          
 1532.35      -2.84349      44.95         -8.399E1      -161.15       -9.273E1      -132.71       -4.51336      45.25          
 1542.3       -3.41238      9.32          -8.188E1      -161.08       -8.444E1      -164.22       -5.39441      14.63          
 1552.25      -4.10255      -34.68        -8.018E1      174.57        -8.834E1      157.57        -6.19103      -22.26         
 1562.2       -4.11826      -79.06        -8.376E1      110.00        -8.725E1      50.88         -6.02799      -63.50         
 1572.15      -3.58536      -115.16       -9.76E1       112.88        -8.474E1      69.05         -5.00234      -102.50        
 1582.1       -3.11948      -144.31       -8.311E1      6.72          -8.437E1      54.64         -4.08937      -137.53        
 1592.05      -3.07019      -172.66       -9.763E1      27.69         -8.922E1      116.03        -3.93865      -171.36        
 1602         -3.62184      152.73        -9.024E1      -123.49       -8.542E1      -72.07        -4.62638      152.05         
 1611.95      -4.46715      107.03        -9.639E1      -35.63        -8.288E1      -35.22        -5.46372      109.24         
 1621.9       -4.39492      57.13         -9.464E1      -144.34       -9.968E1      -100.56       -5.17402      63.42          
 1631.85      -3.35152      18.28         -8.001E1      -134.31       -8.576E1      -167.13       -3.80343      24.28          
 1641.8       -2.32564      -8.27         -7.938E1      165.04        -8.008E1      -157.62       -2.51694      -6.58          
 1651.75      -1.6826       -29.16        -8.735E1      123.23        -8.454E1      -129.04       -1.95014      -33.13         
 1661.7       -1.59839      -51.27        -7.873E1      97.22         -8.111E1      -175.27       -2.36686      -59.60         
 1671.65      -2.49357      -81.71        -7.919E1      16.15         -8.121E1      -175.30       -3.8938       -90.52         
 1681.6       -4.65354      -128.37       -8.40E1       40.70         -8.304E1      120.70        -6.1759       -133.01        
 1691.55      -5.65809      171.23        -7.976E1      19.69         -8.492E1      148.55        -6.91898      170.77         
 1701.5       -4.04283      126.61        -8.71E1       73.32         -8.043E1      -85.91        -5.18079      123.04         
 1711.45      -2.34131      100.85        -8.074E1      -131.33       -7.785E1      -143.45       -3.62298      90.39          
 1721.4       -1.16695      81.49         -8.37E1       168.79        -7.613E1      -140.01       -3.1259       64.97          
 1731.35      -0.57516      59.47         -8.154E1      -169.35       -7.485E1      -145.75       -3.62598      41.24          
 1741.3       -1.01802      26.90         -7.556E1      -175.34       -8.093E1      -158.66       -4.94486      14.49          
 1751.25      -2.88283      -20.77        -7.986E1      -160.28       -8.947E1      4.16          -6.50404      -20.99         
 1761.2       -4.04947      -75.36        -8.736E1      159.30        -8.81E1       142.04        -6.71436      -65.96         
 1771.15      -3.08676      -115.28       -8.788E1      123.14        -8.06E1       109.07        -5.04657      -107.51        
 1781.1       -1.65579      -139.80       -9.842E1      111.31        -8.891E1      48.57         -3.30099      -140.43        
 1791.05      -0.50049      -160.11       -8.241E1      29.64         -8.695E1      19.96         -2.56538      -169.78        
 1801         -0.11376      173.14        -7.981E1      10.03         -8.225E1      33.49         -3.15756      159.41         
 1810.95      -1.75613      130.17        -8.094E1      -12.64        -1.12E2       70.58         -4.93127      120.83         
 1820.9       -4.81198      68.95         -9.105E1      -152.50       -8.401E1      -111.71       -6.06293      67.96          
 1830.85      -4.30925      14.90         -8.113E1      162.03        -8.579E1      -143.99       -4.23455      17.33          
 1840.8       -2.11649      -11.69        -8.312E1      -166.93       -8.308E1      -177.59       -1.84655      -16.56         
 1850.75      -0.0099       -26.47        -7.136E1      107.62        -7.707E1      141.96        -0.47699      -41.45         
 1860.7       1.95459       -41.86        -7.182E1      86.46         -7.495E1      130.36        -0.34666      -63.53         
 1870.65      2.99522       -68.41        -6.403E1      53.86         -6.87E1       -17.56        -1.6685       -86.71         
 1880.6       0.53456       -108.77       -6.605E1      2.65          -6.89E1       -14.53        -4.90787      -116.71        
 1890.55      -5.10422      -163.35       -7.158E1      -61.40        -6.982E1      -114.85       -9.54286      -172.89        
 1900.5       -3.11346      127.55        -7.896E1      -56.74        -7.102E1      118.74        -7.79566      113.88         
 1910.45      3.58561       105.85        -6.972E1      160.17        -6.166E1      -169.69       -4.2839       78.33          
 1920.4       11.71137      102.11        -6.675E1      123.16        -5.806E1      -134.40       -2.68091      57.49          
 1930.35      32.70493      -52.47        -4.246E1      2.51          -4.158E1      59.31         -2.54153      41.02          
 1940.3       10.59971      -66.80        -6.135E1      0.97          -6.955E1      -9.83         -3.64616      24.77          
 1950.25      3.46118       -67.04        -6.633E1      5.09          -7.872E1      75.25         -6.12453      3.83           
 1960.2       -2.4317       -83.33        -7.298E1      15.71         -8.648E1      -28.68        -9.92449      -35.33         
 1970.15      -3.66074      -133.86       -7.24E1       19.94         -8.591E1      -98.65        -9.68729      -104.16        
 1980.1       2.0576        -175.72       -7.468E1      -44.69        -7.684E1      -80.36        -5.04242      -147.93        
 1990.05      6.54263       135.41        -6.736E1      -133.38       -7.024E1      -100.12       -1.91464      -175.10        
 2000         4.24735       90.23         -7.058E1      172.64        -7.496E1      -171.02       -0.70193      160.19         
