 10           -0.03765      -37.07        -6.067E1      46.65         -5.928E1      49.35         0.00081       -37.08         
 19.95        -0.10356      -73.93        -5.303E1      -170.39       -5.311E1      -171.00       -0.04346      -73.52         
 29.9         -0.21667      -111.01       -5.678E1      125.44        -5.613E1      127.66        -0.11237      -110.09        
 39.85        -0.35471      -147.99       -5.379E1      39.91         -5.385E1      42.78         -0.22611      -146.35        
 49.8         -0.4598       175.26        -5.91E1       -90.90        -5.919E1      -87.80        -0.33915      177.71         
 59.75        -0.55329      138.58        -7.328E1      -177.61       -7.239E1      -157.88       -0.44916      141.73         
 69.7         -0.59789      102.17        -6.906E1      112.67        -6.765E1      118.16        -0.5204       105.79         
 79.65        -0.6213       65.79         -9.092E1      -61.72        -8.813E1      -53.18        -0.56848      69.81          
 89.6         -0.64513      29.30         -7.844E1      15.54         -8.435E1      37.85         -0.62525      33.60          
 99.55        -0.66725      -7.41         -6.576E1      -30.81        -6.524E1      -31.98        -0.65256      -2.78          
 109.5        -0.71003      -44.31        -6.355E1      -151.40       -6.473E1      -144.47       -0.68884      -39.80         
 119.45       -0.76556      -81.45        -6.019E1      115.03        -6.065E1      115.57        -0.76566      -77.03         
 129.4        -0.82136      -118.45       -6.509E1      43.00         -6.445E1      41.10         -0.78118      -114.07        
 139.35       -0.89387      -155.30       -6.548E1      -8.57         -6.516E1      -7.25         -0.80795      -150.71        
 149.3        -0.98893      168.08        -6.053E1      -48.27        -6.034E1      -48.57        -0.88546      173.20         
 159.25       -1.09394      131.73        -5.766E1      -135.80       -5.80E1       -132.07       -1.02546      137.43         
 169.2        -1.20839      95.49         -5.524E1      158.07        -5.548E1      157.74        -1.283        101.53         
 179.15       -1.30246      59.38         -5.739E1      50.74         -5.666E1      48.62         -1.62878      66.29          
 189.1        -1.34978      22.98         -5.91E1       92.13         -5.916E1      92.57         -1.52767      30.95          
 199.05       -1.42936      -13.75        -5.468E1      -16.66        -5.506E1      -15.04        -1.47173      -7.58          
 209          -1.52719      -50.77        -5.544E1      -84.27        -5.548E1      -87.58        -1.63125      -45.87         
 218.95       -1.64453      -88.00        -5.432E1      -140.06       -5.442E1      -138.13       -1.89505      -83.29         
 228.9        -1.77464      -125.46       -5.09E1       145.58        -5.101E1      145.15        -2.25333      -119.85        
 238.85       -1.92274      -162.79       -4.932E1      70.84         -4.928E1      69.26         -2.67226      -155.41        
 248.8        -2.05997      160.16        -4.927E1      -8.66         -4.916E1      -9.18         -3.00716      169.88         
 258.75       -2.19181      123.62        -4.885E1      -79.89        -4.874E1      -79.87        -3.09986      135.52         
 268.7        -2.30916      87.31         -4.761E1      -152.25       -4.761E1      -152.90       -2.99951      100.08         
 278.65       -2.43185      50.84         -4.659E1      125.19        -4.652E1      125.86        -2.92535      62.96          
 288.6        -2.58092      13.96         -4.685E1      35.26         -4.703E1      35.42         -3.20704      24.67          
 298.55       -2.7733       -23.60        -4.902E1      -51.33        -4.919E1      -51.66        -3.78136      -12.28         
 308.5        -2.99291      -61.83        -5.349E1      -139.45       -5.318E1      -138.34       -4.04836      -48.90         
 318.45       -3.21142      -100.39       -5.824E1      151.00        -5.821E1      152.24        -4.0798       -87.01         
 328.4        -3.42586      -139.18       -6.242E1      115.24        -6.186E1      115.02        -4.06097      -125.41        
 338.35       -3.61659      -177.91       -5.994E1      62.45         -5.972E1      61.22         -4.0237       -163.33        
 348.3        -3.8125       143.65        -6.204E1      0.70          -6.172E1      1.52          -4.17104      159.52         
 358.25       -4.06057      105.25        -6.056E1      -36.10        -6.033E1      -30.16        -4.58339      122.78         
 368.2        -4.38243      66.76         -5.562E1      -103.13       -5.57E1       -103.60       -5.16258      85.63          
 378.15       -4.83473      27.74         -5.441E1      165.76        -5.436E1      166.74        -5.79333      47.07          
 388.1        -5.44445      -12.41        -5.658E1      92.13         -5.647E1      90.35         -6.40119      6.23           
 398.05       -6.18581      -53.89        -5.702E1      31.27         -5.701E1      35.47         -6.90638      -36.37         
 408          -7.03089      -96.75        -5.604E1      -32.69        -5.60E1       -32.70        -7.45423      -79.80         
 417.95       -7.85208      -140.87       -5.486E1      -105.45       -5.49E1       -107.54       -8.1566       -123.85        
 427.9        -8.58016      174.33        -5.504E1      173.46        -5.516E1      173.77        -8.95517      -168.87        
 437.85       -9.26188      129.04        -5.566E1      96.76         -5.57E1       96.29         -9.74256      144.92         
 447.8        -10.00463     83.45         -5.68E1       23.86         -5.68E1       25.54         -10.38854     98.04          
 457.75       -10.95112     36.55         -5.69E1       -39.52        -5.735E1      -41.08        -11.13741     51.30          
 467.7        -12.07167     -13.90        -5.698E1      -113.99       -5.698E1      -112.59       -12.28401     2.70           
 477.65       -12.96034     -69.77        -5.786E1      172.56        -5.757E1      173.05        -13.69234     -51.60         
 487.6        -12.87285     -128.98       -5.824E1      92.56         -5.81E1       92.87         -13.99442     -112.93        
 497.55       -11.75067     175.40        -6.114E1      9.51          -6.075E1      9.46          -12.40624     -170.22        
 507.5        -10.3673      125.95        -6.505E1      -61.19        -6.471E1      -57.91        -10.48816     142.18         
 517.45       -9.20414      80.83         -6.734E1      -118.53       -6.736E1      -121.90       -9.16828      100.06         
 527.4        -8.3689       37.66         -6.85E1       171.98        -6.858E1      173.53        -8.49867      58.73          
 537.35       -7.78255      -5.21         -6.938E1      98.67         -6.865E1      103.84        -8.15826      15.49          
 547.3        -7.31441      -48.43        -6.907E1      27.10         -6.81E1       39.06         -7.70003      -29.87         
 557.25       -6.86134      -91.95        -6.766E1      -41.90        -6.798E1      -36.61        -6.93161      -75.04         
 567.2        -6.347        -135.14       -6.818E1      -106.04       -6.786E1      -117.60       -6.05006      -117.80        
 577.15       -5.77315      -177.09       -6.951E1      170.82        -7.001E1      157.96        -5.35173      -157.95        
 587.1        -5.18129      142.50        -7.314E1      86.96         -7.217E1      80.09         -4.92869      163.34         
 597.05       -4.63176      103.63        -7.856E1      30.62         -7.625E1      -0.86         -4.6865       124.99         
 607          -4.19219      65.80         -8.306E1      -103.54       -7.952E1      -79.88        -4.45545      86.61          
 616.95       -3.89504      28.39         -8.08E1       168.97        -8.248E1      143.31        -4.14924      48.47          
 626.9        -3.75481      -9.25         -8.451E1      97.11         -7.782E1      95.73         -3.83221      10.76          
 636.85       -3.72713      -47.65        -8.941E1      10.86         -8.344E1      -19.18        -3.62202      -26.85         
 646.8        -3.74018      -87.00        -8.465E1      -5.57         -8.068E1      1.71          -3.58816      -65.08         
 656.75       -3.68498      -126.92       -8.203E1      -89.94        -8.225E1      -44.34        -3.65467      -104.52        
 666.7        -3.5055       -166.60       -8.526E1      -112.94       -8.867E1      -120.45       -3.61213      -144.82        
 676.65       -3.23742      154.80        -8.472E1      -165.71       -8.43E1       -162.60       -3.33375      175.63         
 686.6        -2.96213      117.47        -9.399E1      -115.35       -8.232E1      168.25        -2.91813      138.14         
 696.55       -2.74913      81.14         -9.729E1      90.16         -8.154E1      127.79        -2.55265      102.78         
 706.5        -2.65183      45.15         -8.778E1      59.37         -8.711E1      71.55         -2.40478      68.50          
 716.45       -2.64842      8.74          -8.888E1      -61.29        -8.385E1      -63.21        -2.50184      33.60          
 726.4        -2.71269      -28.51        -9.305E1      17.65         -8.553E1      -147.37       -2.72042      -3.32          
 736.35       -2.8143       -66.74        -8.118E1      -143.47       -7.66E1       29.51         -2.88139      -42.69         
 746.3        -2.89878      -105.73       -8.124E1      -117.03       -8.724E1      -78.78        -2.8367       -83.45         
 756.25       -2.93133      -144.79       -9.929E1      -102.01       -9.733E1      -150.55       -2.63057      -123.54        
 766.2        -2.90852      176.49        -9.354E1      -156.81       -9.466E1      -153.39       -2.49341      -161.85        
 776.15       -2.80346      138.48        -8.923E1      171.05        -9.369E1      9.58          -2.53338      161.33         
 786.1        -2.66289      101.37        -9.274E1      127.06        -9.585E1      61.13         -2.70598      125.22         
 796.05       -2.53987      64.96         -9.758E1      159.98        -8.491E1      -18.10        -2.89403      89.11          
 806          -2.4796       28.93         -9.284E1      2.58          -9.30E1       173.87        -2.96456      52.81          
 815.95       -2.55388      -7.10         -9.961E1      -20.01        -9.237E1      18.31         -2.90646      16.69          
 825.9        -2.76722      -43.82        -9.407E1      10.46         -8.719E1      -98.59        -2.88924      -19.29         
 835.85       -3.04474      -81.64        -8.591E1      107.76        -7.985E1      -130.38       -3.04316      -55.82         
 845.8        -3.30736      -120.66       -8.603E1      134.39        -8.478E1      149.28        -3.40783      -93.76         
 855.75       -3.45182      -160.48       -8.837E1      76.94         -8.523E1      -4.79         -3.81298      -133.76        
 865.7        -3.4515       159.98        -9.869E1      -86.79        -8.186E1      -107.90       -3.96012      -174.71        
 875.65       -3.38893      121.57        -9.311E1      3.67          -8.918E1      -45.66        -3.75301      145.97         
 885.6        -3.3472       84.48         -9.013E1      -20.77        -8.602E1      156.93        -3.42647      109.82         
 895.55       -3.39735      48.34         -8.728E1      -79.46        -8.563E1      94.92         -3.26292      76.32          
 905.5        -3.57938      12.29         -7.962E1      -119.94       -7.804E1      -169.45       -3.44717      43.60          
 915.45       -3.88164      -24.47        -8.112E1      30.46         -8.108E1      163.09        -3.9971       9.39           
 925.4        -4.29188      -62.46        -8.249E1      5.78          -8.814E1      57.32         -4.76462      -28.30         
 935.35       -4.76216      -101.87       -8.059E1      -5.07         -8.559E1      153.62        -5.4096       -70.05         
 945.3        -5.21238      -142.28       -8.074E1      -85.69        -8.956E1      -67.07        -5.65424      -113.46        
 955.25       -5.55277      177.11        -8.643E1      -133.97       -8.201E1      -151.10       -5.66057      -155.04        
 965.2        -5.74443      137.18        -8.378E1      139.46        -8.832E1      87.83         -5.81574      166.23         
 975.15       -5.83084      98.47         -8.443E1      49.79         -8.261E1      80.51         -6.29312      128.97         
 985.1        -5.93618      61.07         -8.229E1      -20.21        -8.568E1      -79.04        -6.98784      91.27          
 995.05       -6.20287      24.64         -8.60E1       -13.96        -8.229E1      -7.70         -7.60602      52.28          
 1005         -6.76055      -11.55        -8.895E1      -123.62       -8.088E1      -93.37        -7.96734      13.30          
 1014.95      -7.67523      -48.46        -8.989E1      38.39         -7.896E1      -117.36       -8.26691      -24.12         
 1024.9       -8.91899      -87.44        -7.763E1      166.81        -9.02E1       -107.34       -8.9236       -60.18         
 1034.85      -10.27714     -129.95       -8.773E1      93.24         -8.652E1      102.47        -10.26094     -97.33         
 1044.8       -11.28848     -175.82       -8.599E1      81.06         -8.189E1      -111.82       -12.13822     -140.15        
 1054.75      -11.65889     138.32        -8.359E1      -27.77        -9.059E1      -136.90       -13.37446     168.65         
 1064.7       -11.68362     96.20         -8.67E1       80.66         -8.479E1      -152.55       -12.84925     119.23         
 1074.65      -11.91179     58.25         -8.292E1      62.19         -8.625E1      114.66        -11.88298     80.85          
 1084.6       -12.7444      22.69         -8.521E1      0.34          -9.057E1      43.35         -11.81022     50.47          
 1094.55      -14.42676     -13.12        -9.29E1       29.67         -8.202E1      82.25         -13.18937     23.45          
 1104.5       -17.20574     -52.82        -9.308E1      -85.35        -8.858E1      -172.86       -16.74722     -4.28          
 1114.45      -21.11886     -105.31       -9.741E1      78.56         -8.883E1      -17.78        -25.13109     -47.54         
 1124.4       -23.1998      177.84        -8.749E1      43.93         -9.573E1      -7.85         -25.29591     173.51         
 1134.35      -20.62738     110.01        -8.724E1      68.90         -8.749E1      -25.04        -18.56735     130.83         
 1144.3       -18.02112     62.27         -9.653E1      -138.53       -1.049E2      125.11        -16.57143     100.17         
 1154.25      -16.44502     21.44         -8.341E1      59.20         -8.698E1      67.43         -16.7773      66.01          
 1164.2       -15.66141     -18.00        -9.238E1      29.30         -8.273E1      175.09        -17.80161     21.05          
 1174.15      -15.492       -58.86        -8.382E1      120.17        -8.122E1      6.03          -17.4051      -33.32         
 1184.1       -15.66316     -103.38       -8.633E1      -40.89        -8.147E1      -13.17        -15.51524     -80.72         
 1194.05      -15.5068      -152.83       -8.89E1       -22.90        -8.446E1      47.91         -14.1056      -120.18        
 1204         -14.32459     156.87        -8.745E1      -79.77        -9.003E1      170.33        -13.68134     -159.55        
 1213.95      -12.39248     111.97        -9.841E1      -86.24        -1.032E2      -130.80       -13.57654     155.37         
 1223.9       -10.51801     73.60         -8.82E1       141.59        -9.315E1      144.41        -12.45176     107.03         
 1233.85      -9.14618      39.46         -8.613E1      -111.97       -8.435E1      -174.71       -10.36909     65.48          
 1243.8       -8.36122      7.21          -8.989E1      -15.23        -8.346E1      4.57          -8.53563      32.33          
 1253.75      -8.10541      -25.01        -9.214E1      -159.67       -9.683E1      -17.74        -7.52426      3.50           
 1263.7       -8.26462      -59.15        -8.88E1       107.57        -9.133E1      90.93         -7.49482      -24.99         
 1273.65      -8.60469      -96.81        -8.459E1      108.83        -8.028E1      132.37        -8.46393      -57.36         
 1283.6       -8.75355      -138.13       -8.586E1      11.78         -8.448E1      -140.34       -9.99595      -99.33         
 1293.55      -8.44112      179.33        -1.01E2       101.66        -8.679E1      -2.15         -10.36968     -152.31        
 1303.5       -7.77314      138.71        -8.993E1      -119.32       -9.05E1       53.95         -8.74823      159.21         
 1313.45      -7.05123      101.23        -9.574E1      -84.09        -9.064E1      117.96        -7.00949      122.35         
 1323.4       -6.47589      65.93         -9.101E1      109.22        -9.399E1      -100.03       -6.09713      91.71          
 1333.35      -6.08323      31.43         -8.803E1      -109.75       -9.071E1      -132.64       -6.03019      62.43          
 1343.3       -5.84598      -3.33         -9.15E1       -31.44        -8.598E1      -19.20        -6.5374       30.82          
 1353.25      -5.75471      -38.83        -8.709E1      158.49        -9.617E1      -38.34        -7.10179      -5.65          
 1363.2       -5.80101      -75.25        -9.697E1      21.48         -9.372E1      -153.93       -7.05594      -46.09         
 1373.15      -5.94752      -112.58       -8.359E1      174.96        -8.611E1      -31.50        -6.32342      -85.86         
 1383.1       -6.11678      -151.00       -9.049E1      52.51         -8.927E1      149.47        -5.57579      -122.72        
 1393.05      -6.14249      169.42        -1.039E2      51.24         -1.089E2      39.91         -5.37405      -158.55        
 1403         -5.87909      129.50        -8.499E1      23.47         -8.566E1      -110.74       -5.73806      163.61         
 1412.95      -5.35612      90.79         -9.164E1      87.47         -1.055E2      -9.08         -6.11472      121.87         
 1422.9       -4.76974      54.50         -1.023E2      -179.53       -9.368E1      9.08          -5.73201      79.15          
 1432.85      -4.31809      20.85         -8.968E1      -94.49        -9.413E1      -18.06        -4.66305      41.37          
 1442.8       -4.11261      -11.16        -8.445E1      -112.29       -9.287E1      -13.74        -3.65834      9.67           
 1452.75      -4.18638      -43.13        -8.325E1      171.41        -8.069E1      -163.49       -3.2305       -18.87         
 1462.7       -4.48522      -76.77        -9.101E1      129.17        -9.013E1      158.31        -3.58554      -47.78         
 1472.65      -4.90249      -113.59       -8.097E1      117.80        -9.41E1       34.97         -4.75378      -81.08         
 1482.6       -5.21415      -153.80       -8.794E1      81.60         -9.369E1      55.84         -6.26104      -123.53        
 1492.55      -5.18482      164.89        -8.552E1      51.34         -8.23E1       89.84         -6.61325      -174.16        
 1502.5       -4.83625      125.47        -8.294E1      31.98         -8.665E1      -102.05       -5.41445      140.67         
 1512.45      -4.38114      89.20         -8.419E1      -56.70        -8.468E1      -81.43        -4.2304       105.85         
 1522.4       -3.9756       55.37         -8.12E1       -120.26       -8.163E1      -127.95       -3.77974      76.88          
 1532.35      -3.71331      22.45         -8.485E1      -160.41       -8.975E1      -110.02       -4.08484      49.29          
 1542.3       -3.62483      -11.03        -8.683E1      -154.43       -8.417E1      -151.31       -4.91801      19.19          
 1552.25      -3.70445      -45.64        -8.00E1       159.42        -8.794E1      107.19        -5.73666      -16.56         
 1562.2       -3.92289      -81.45        -8.287E1      85.24         -9.407E1      110.42        -5.71739      -56.87         
 1572.15      -4.20791      -118.20       -9.342E1      70.82         -9.177E1      90.85         -4.81425      -95.77         
 1582.1       -4.44986      -155.81       -8.472E1      -0.93         -8.359E1      56.90         -3.90329      -130.94        
 1592.05      -4.56557      165.72        -9.536E1      -9.94         -8.705E1      65.00         -3.67917      -164.63        
 1602         -4.49076      126.53        -8.803E1      85.23         -9.15E1       -100.64       -4.30148      159.38         
 1611.95      -4.22708      87.73         -8.664E1      -47.68        -9.215E1      -28.92        -5.2142       117.43         
 1621.9       -3.86932      50.78         -8.611E1      -55.02        -9.624E1      -80.04        -5.14952      71.37          
 1631.85      -3.53657      16.40         -8.249E1      -113.81       -8.443E1      -149.97       -3.87929      30.95          
 1641.8       -3.31919      -15.69        -7.813E1      166.89        -7.992E1      -168.75       -2.54487      -0.79          
 1651.75      -3.28967      -46.76        -8.56E1       133.22        -8.468E1      -113.11       -1.86937      -27.59         
 1661.7       -3.50185      -78.89        -8.074E1      74.72         -8.198E1      169.42        -2.14067      -53.67         
 1671.65      -3.97449      -113.90       -8.311E1      4.71          -8.127E1      144.55        -3.50671      -83.40         
 1681.6       -4.58344      -152.95       -8.205E1      99.68         -8.821E1      170.31        -5.78062      -123.43        
 1691.55      -4.94997      164.93        -7.91E1       32.25         -8.411E1      149.59        -7.00931      -178.60        
 1701.5       -4.71444      123.36        -8.149E1      91.55         -8.096E1      -79.53        -5.50325      130.79         
 1711.45      -4.02236      85.64         -8.131E1      -120.59       -8.027E1      -134.29       -3.82727      96.17          
 1721.4       -3.24816      51.71         -8.748E1      79.45         -7.95E1       -145.88       -3.19201      69.96          
 1731.35      -2.69252      19.62         -8.115E1      164.68        -7.446E1      177.62        -3.58738      46.20          
 1741.3       -2.55646      -12.64        -7.637E1      160.34        -8.188E1      -163.23       -4.84755      20.16          
 1751.25      -2.89052      -46.17        -8.065E1      -179.68       -8.323E1      38.35         -6.48952      -13.83         
 1761.2       -3.51337      -81.58        -8.255E1      143.09        -9.082E1      113.75        -7.01681      -58.10         
 1771.15      -4.07906      -119.05       -8.07E1       179.61        -8.606E1      78.21         -5.52613      -100.70        
 1781.1       -4.24886      -158.05       -8.992E1      -24.10        -8.921E1      70.71         -3.72006      -134.17        
 1791.05      -3.99594      162.80        -8.733E1      27.82         -9.103E1      -29.31        -2.84772      -163.22        
 1801         -3.67507      124.38        -8.402E1      -31.67        -8.163E1      -4.53         -3.2995       166.91         
 1810.95      -3.66321      86.94         -8.573E1      -50.85        -8.197E1      -123.48       -5.05714      130.08         
 1820.9       -4.014        50.33         -8.176E1      -163.92       -8.211E1      -168.24       -6.56743      77.98          
 1830.85      -4.4818       14.03         -8.488E1      124.49        -8.192E1      -160.98       -4.92007      24.52          
 1840.8       -4.70816      -22.35        -8.594E1      -172.49       -8.463E1      -165.14       -2.32834      -11.01         
 1850.75      -4.49416      -58.31        -7.244E1      100.13        -7.747E1      135.07        -0.74949      -36.20         
 1860.7       -4.02232      -92.61        -7.492E1      62.37         -7.901E1      135.09        -0.42777      -57.93         
 1870.65      -3.64663      -124.56       -6.795E1      20.53         -7.044E1      -61.78        -1.54222      -80.19         
 1880.6       -3.56185      -154.82       -6.88E1       -17.82        -6.95E1       -30.49        -4.56117      -107.90        
 1890.55      -3.81992      173.83        -7.233E1      -62.54        -6.889E1      -113.32       -9.63199      -158.58        
 1900.5       -4.4865       135.37        -7.701E1      -50.95        -7.114E1      119.80        -8.86998      121.57         
 1910.45      -5.39427      82.26         -7.599E1      143.25        -6.672E1      -178.91       -4.88628      82.30          
 1920.4       -5.41032      19.83         -7.746E1      27.78         -7.283E1      168.72        -3.00218      60.73          
 1930.35      -4.41492      -28.83        -7.168E1      57.40         -7.285E1      102.14        -2.70319      44.20          
 1940.3       -3.44888      -59.89        -6.95E1       58.71         -8.632E1      -25.59        -3.69608      28.39          
 1950.25      -2.7859       -81.68        -7.128E1      9.61          -7.737E1      74.50         -6.08593      8.81           
 1960.2       -2.59523      -100.60       -7.524E1      9.93          -8.302E1      9.66          -10.06816     -26.69         
 1970.15      -3.22362      -119.76       -7.275E1      14.57         -8.293E1      -79.59        -10.85595     -96.96         
 1980.1       -5.00477      -140.74       -7.734E1      -26.65        -8.129E1      -13.34        -6.03472      -144.40        
 1990.05      -8.27255      -169.36       -9.383E1      48.19         -7.775E1      -25.95        -2.67124      -171.53        
 2000         -12.11238     132.23        -8.788E1      153.00        -7.849E1      -152.59       -1.27416      164.75         
